0.088520 -0.813611
0.111747 -0.169942
-0.332627 -0.573044
0.304606 -0.620916
-0.147397 -0.099307
0.819123 -0.974823
-0.559585 -0.177385
0.946049 0.733559
-0.593110 -0.549497
-0.681581 -0.915718
-0.266547 0.994476
0.990237 0.484076
0.197710 -0.505427
-0.404932 0.107077
-0.222528 -0.763407
0.221705 -0.906862
0.745204 -0.707252
0.096459 0.253529
0.187744 -0.695972
0.526825 -0.911877
-0.594391 -0.422599
-0.517532 -0.844624
0.644347 0.658194
0.172740 0.984938
0.452931 0.950237
0.314186 -0.140409
0.358785 0.866568
-0.659393 0.292507
0.621304 0.430576
0.232954 0.870058
-0.717564 0.527493
-0.404426 -0.292617
-0.913563 -0.762546
0.222834 -0.230756
0.587445 -0.497175
-0.484503 -0.738948
0.361148 0.667126
0.224766 -0.983989
0.453990 -0.804055
0.527353 0.979899
-0.235984 0.199473
0.941803 0.051994
0.411821 -0.065206
-0.247085 -0.790236
-0.773596 0.466729
0.916849 -0.483990
-0.381229 -0.910787
0.648572 0.850852
-0.015018 0.478487
0.780315 -0.688391
-0.424257 0.372820
0.077212 -0.852247
-0.695193 0.852052
0.388731 -0.027187
-0.850642 0.773466
-0.276758 -0.197210
-0.172118 0.050845
0.288662 0.862990
-0.381303 -0.695936
0.301567 -0.492064
0.211504 -0.262830
-0.178967 -0.221225
-0.675932 0.079259
-0.510333 -0.301745
-0.708206 0.646347
-0.290431 -0.177674
-0.593672 0.028895
0.670138 0.948204
-0.229513 0.945345
-0.957942 0.747786
-0.711729 0.323294
0.994447 0.317403
0.683134 0.938401
-0.959849 0.694639
-0.297078 -0.982118
0.194287 -0.171799
-0.353651 0.972356
-0.715304 0.890574
-0.319264 0.276605
0.660432 0.621983
0.057808 -0.319611
0.616821 0.867983
0.611858 -0.108895
0.517970 -0.786665
-0.407070 0.822016
0.146534 0.545753
-0.065173 0.156342
0.932867 -0.013330
0.746721 0.791285
-0.706145 -0.312160
0.133581 -0.163921
-0.028288 0.577293
-0.738557 0.754461
0.681542 0.612585
0.506190 -0.904474
-0.746859 0.078360
0.193188 -0.698977
-0.584712 -0.857271
0.452193 -0.468132
0.286014 -0.867675
0.390212 0.445599
-0.512193 0.775017
0.240361 0.033976
-0.361621 -0.598764
-0.425123 -0.460162
0.845734 -0.664374
-0.074717 -0.226834
-0.775190 0.545468
0.613630 0.018322
-0.130105 -0.632845
-0.600473 -0.687696
0.666637 -0.243561
-0.314176 -0.735855
0.842048 0.153147
0.334533 0.154252
0.901944 -0.118854
-0.439460 -0.227710
0.413089 0.473586
0.188502 -0.942979
-0.174512 0.655491
0.185914 -0.361204
0.588993 0.154836
-0.612107 0.483781
0.093697 0.389339
-0.711137 -0.465042
-0.834199 0.834581
0.801700 0.537433
-0.162647 0.081714
0.222893 0.005455
-0.231391 -0.209745
0.265608 -0.952124
0.950092 0.027647
0.336905 -0.955963
-0.741873 -0.112193
0.935124 0.826320
0.014128 -0.978992
-0.676744 -0.922770
0.355710 0.809889
0.003316 0.916663
-0.803972 -0.669396
-0.631697 -0.727675
-0.186855 0.390573
0.949568 -0.892347
0.230654 -0.170749
-0.075026 -0.226404
-0.533429 0.367413
0.812203 -0.345681
0.740711 -0.377491
-0.651242 -0.734358
-0.679274 -0.235546
-0.415199 0.483982
-0.072802 -0.759806
-0.323339 -0.799447
0.513130 -0.733153
0.796913 0.477285
0.539390 0.788625
-0.585790 0.665532
0.260980 0.514631
0.524021 -0.220647
-0.513754 -0.662657
0.199157 0.462819
0.900096 0.812635
-0.360853 -0.757969
-0.542792 -0.967250
0.452244 -0.474014
0.217641 -0.851455
-0.314865 -0.104496
0.772877 -0.393091
0.989457 0.930877
0.054006 0.699713
0.309912 -0.738683
-0.727526 -0.445302
0.868784 0.941835
-0.316992 0.311273
0.486957 -0.175467
-0.837383 -0.216156
-0.922566 0.081836
0.757334 -0.129109
0.795864 -0.881929
0.657733 -0.076625
0.725353 0.652615
0.119871 -0.516564
0.821788 -0.329421
0.901389 -0.246621
-0.962962 -0.133244
0.281144 -0.953465
0.514091 0.102661
0.780285 -0.821403
0.728888 -0.582878
-0.063757 -0.118287
-0.348887 -0.498830
0.296753 0.111630
-0.893373 -0.727662
-0.590292 -0.010909
-0.560849 0.433506
-0.735081 -0.408497
-0.142520 0.225150
0.721904 -0.778363
-0.767084 -0.360349
0.487679 0.076564
-0.691909 0.878829
0.249091 0.991185
-0.903997 -0.322854
0.419132 -0.353381
-0.876833 0.063383
-0.092515 -0.760284
-0.667943 -0.139008
0.385654 0.966398
0.759908 0.795075
-0.940697 0.732589
-0.490111 0.218392
0.280401 -0.772409
-0.902360 0.043392
0.240059 -0.491452
-0.426696 0.520365
-0.332916 -0.168410
-0.586220 0.509678
-0.848434 0.637502
-0.120334 -0.729233
-0.949768 -0.280450
0.467330 -0.142119
0.057409 0.192193
-0.887203 -0.610515
0.270591 0.361420
0.080462 -0.190154
-0.402880 -0.496987
0.230727 -0.911570
0.573331 -0.554026
-0.086077 -0.493234
-0.704016 0.707852
0.367674 -0.400172
0.904748 -0.764878
-0.604107 -0.639718
0.476540 -0.453766
0.593541 -0.886658
0.857241 -0.158766
-0.762184 -0.596244
0.250414 -0.380557
0.248230 0.810492
0.928521 0.925833
-0.654606 0.824512
0.734508 -0.307302
-0.817992 0.063728
0.072606 -0.623984
0.016394 -0.617137
-0.058345 0.806824
-0.656607 -0.792270
0.888525 -0.520014
0.412022 0.732444
-0.831993 -0.072056
0.894989 -0.110407
-0.997803 0.723799
-0.803029 0.979941
0.422556 0.855079
0.251970 -0.641802
-0.970379 0.712323
-0.653978 -0.350514
-0.623207 0.715627
-0.218676 0.525357
0.612954 -0.131514
0.681087 0.652168
-0.258190 0.620891
0.246734 -0.739189
0.791605 0.579281
0.741014 -0.227379
0.271363 0.982948
0.799457 0.934206
0.103855 -0.645141
-0.855793 0.862582
-0.695596 -0.022294
-0.916843 -0.859246
-0.203764 -0.904268
0.293693 0.976774
0.837750 -0.835400
0.971188 0.751870
-0.555622 0.314656
-0.127836 0.242321
0.101959 -0.728920
-0.422596 -0.602168
0.835775 0.505647
-0.209217 -0.937773
-0.948744 0.222192
-0.657272 -0.463946
-0.033498 0.654324
0.777961 -0.583211
-0.582579 0.850986
0.066327 -0.378556
-0.997699 0.319589
-0.928597 -0.553469
0.449469 0.844717
0.642116 -0.895570
0.629884 -0.396770
0.509869 -0.234763
-0.283153 0.501487
0.176606 0.926623
0.696722 0.252612
-0.066317 0.156912
0.426589 0.745879
-0.677086 -0.710432
-0.847573 0.957332
0.227250 0.306208
-0.874813 0.729871
-0.814451 0.672278
-0.653571 -0.257690
0.349618 0.221752
0.099639 -0.709830
-0.400598 -0.068638
-0.493775 0.493342
-0.769416 0.882428
0.032724 -0.839474
-0.050992 -0.158611
-0.121655 0.539104
0.721947 -0.626349
-0.698348 0.111041
-0.520463 -0.864656
0.645167 0.321644
-0.821728 -0.221697
0.655689 0.645707
-0.712863 0.937380
0.784421 0.864246
0.759700 -0.669290
-0.666838 -0.243921
0.503421 0.011318
0.819587 0.319444
0.819015 0.449941
0.049072 -0.423632
0.855518 -0.501682
-0.370408 -0.578141
-0.408869 0.127127
0.904107 -0.375285
0.028583 -0.068436
0.180249 -0.138758
-0.984079 0.064433
-0.534730 -0.862437
-0.739849 -0.970210
0.528169 -0.859615
0.434970 -0.317085
0.151132 -0.893583
-0.818193 -0.711403
-0.783015 -0.661235
-0.663082 0.349534
-0.552763 0.839067
-0.128174 0.551441
0.550978 -0.819357
0.351137 -0.714753
0.604838 0.259115
-0.025399 -0.233643
-0.454695 -0.616721
-0.766400 0.247740
-0.218293 -0.920295
-0.649494 0.296063
-0.148073 -0.059009
0.006078 -0.903197
0.750738 -0.966841
-0.740987 0.535478
-0.003082 -0.788104
-0.309163 -0.388630
0.908403 0.923010
-0.791775 -0.984335
0.201213 -0.833932
-0.717039 0.068246
0.209796 -0.824501
-0.074344 0.620109
-0.613412 -0.968214
-0.285551 0.461974
0.112736 -0.876803
0.688299 0.498495
-0.880598 0.408822
0.135256 -0.499097
0.687862 -0.197169
0.159280 -0.850764
0.951254 0.603740
-0.240259 -0.512263
-0.683609 -0.060683
0.737401 0.239760
-0.226759 0.196569
-0.458670 -0.472308
0.983985 0.308628
-0.664682 0.847246
0.118140 -0.024728
-0.832894 0.172442
-0.928397 0.409096
0.780289 -0.937148
0.213609 -0.734434
-0.410049 0.872167
-0.469877 0.779493
-0.590748 0.662574
0.447389 0.683985
-0.237254 0.877296
-0.980072 0.786184
-0.275174 0.893527
-0.275059 0.054731
0.041940 0.257862
0.939538 -0.398681
-0.612258 -0.075261
0.231287 -0.372963
0.224465 0.729726
0.680541 -0.152197
0.840063 -0.117755
0.595248 0.265671
-0.321716 0.719362
-0.504980 -0.076721
0.158803 0.299602
0.485380 0.168680
0.486756 0.937343
0.820012 0.910967
-0.031413 0.711247
-0.944718 -0.280272
-0.088855 0.193088
0.214286 0.163640
0.979252 -0.443735
0.570226 0.560566
-0.125402 -0.662767
-0.824093 -0.306048
0.406976 0.610452
0.821984 -0.226705
0.170363 0.191155
-0.038162 0.125149
-0.001469 0.958881
0.727205 0.515304
-0.530386 -0.294348
-0.590510 0.026532
-0.506048 -0.668601
-0.346620 -0.247376
0.496751 -0.945169
0.392682 -0.820160
0.619755 0.688305
0.822653 -0.307717
-0.936524 0.319548
-0.139726 0.245147
-0.371760 -0.989903
0.813507 0.691212
-0.035148 -0.041124
-0.311338 0.796709
-0.345319 -0.307563
0.938657 0.444665
0.168089 -0.728685
-0.860730 -0.749367
-0.964675 0.545987
-0.038089 0.304478
-0.112918 -0.518509
0.364266 0.549254
-0.417052 -0.098601
0.261277 0.938984
-0.691274 -0.957137
-0.445493 -0.985503
0.950479 0.049959
0.266411 0.476668
0.218421 -0.677134
-0.686573 0.098746
0.316299 0.363234
-0.095310 0.385876
-0.204774 -0.720115
0.767309 -0.229521
0.776649 -0.349250
0.069301 -0.789973
0.554105 -0.822247
-0.898420 0.561168
-0.239107 0.944829
-0.873821 0.593821
-0.045045 -0.852298
-0.364099 0.474917
-0.178695 -0.772767
-0.299832 -0.764825
0.204597 0.275551
0.379959 -0.912840
-0.844356 -0.255596
-0.713764 -0.471140
0.260810 0.971710
-0.191343 -0.527502
-0.815797 -0.736349
0.827603 0.699434
0.473611 0.197066
-0.580102 -0.474896
-0.630609 -0.040547
-0.804523 0.786680
0.050203 0.871118
-0.151669 0.607720
-0.282971 -0.210710
-0.136282 -0.326605
-0.358043 -0.269454
-0.636330 -0.039895
0.685375 0.363502
-0.697818 -0.164650
0.821512 0.651035
-0.268910 -0.026479
0.259113 -0.390944
-0.832884 0.772764
-0.630380 -0.613287
0.876663 -0.769421
0.064593 -0.844463
-0.383470 -0.162911
-0.690480 0.601719
0.774862 0.580304
0.622254 -0.487981
-0.448192 -0.004481
-0.070067 0.447354
0.481721 0.607746
0.847837 -0.057041
-0.945466 0.823768
0.508479 0.162204
-0.212574 -0.373049
0.843183 -0.980291
-0.897439 -0.544167
-0.268120 0.100675
0.131260 -0.805561
-0.815907 0.341590
0.802687 -0.273505
-0.205885 -0.326872
0.065384 -0.240520
0.032728 0.405232
-0.888555 0.467358
0.125170 -0.870013
-0.059222 0.587088
-0.608489 -0.909452
-0.559764 0.561209
-0.252712 0.978559
0.710160 0.723612
-0.523623 0.383045
0.158209 -0.100212
-0.399209 -0.837453
-0.894764 0.006305
-0.279287 -0.924625
-0.483386 -0.052794
0.755436 0.339770
0.985836 -0.257153
0.014763 -0.174674
-0.767707 -0.314054
-0.088744 -0.110280
-0.769519 -0.058628
0.498016 0.666370
0.825631 0.250473
-0.198849 -0.801877
0.948424 0.097926
-0.888069 0.067058
0.287394 -0.705950
-0.410402 0.714038
0.836039 -0.119982
0.980413 -0.135427
0.035450 -0.539773
-0.027909 -0.065715
0.322315 0.203996
-0.989982 0.424397
-0.856459 -0.081329
0.941300 0.218693
0.176314 0.714898
-0.421211 0.837774
-0.344282 0.452660
0.454018 0.903531
0.514655 -0.890525
-0.061588 -0.263636
0.692063 -0.025850
-0.958595 0.911069
-0.618866 0.343837
0.984711 0.946157
-0.358738 0.568234
0.890245 -0.147032
0.695103 0.790212
-0.452270 0.942118
-0.737889 0.985366
-0.263671 0.421799
-0.811168 0.310185
-0.805273 -0.261909
0.748100 -0.243385
0.382084 -0.919775
0.000739 -0.843451
-0.467609 0.185246
0.923765 0.765962
0.089515 0.466190
-0.559575 -0.852099
0.585403 -0.363569
0.669159 -0.498540
0.849629 0.711908
-0.042175 0.366248
-0.478284 -0.223545
-0.300036 -0.656482
0.482516 0.585313
-0.190284 -0.419289
-0.006190 -0.823019
0.143303 -0.098483
-0.378520 -0.108564
-0.930700 0.997442
-0.561348 0.181191
0.764994 0.971030
-0.979347 -0.467358
0.378410 -0.506880
-0.304112 0.978883
0.516229 0.354925
0.628965 0.493472
0.098854 -0.641468
-0.617514 0.085764
-0.320074 0.128336
0.962615 0.864814
0.298434 -0.186072
-0.657596 0.915262
0.279661 0.241913
0.788603 0.667618
0.031906 0.014547
0.480039 -0.294367
0.405230 0.182332
-0.524013 -0.288597
0.546530 0.984435
0.239752 0.646178
0.550080 -0.797123
0.453453 -0.551044
-0.390669 0.852100
-0.228388 0.669816
0.007605 -0.915956
-0.015419 0.601289
0.987042 0.439847
-0.377375 0.491392
0.869095 -0.303525
-0.495108 0.547828
-0.542720 -0.835925
0.366461 0.938849
0.937593 -0.373296
-0.056282 -0.720302
-0.261350 0.383559
0.390549 -0.329327
0.412355 -0.030689
0.675760 0.132236
-0.796436 0.316136
-0.190476 -0.794083
-0.260162 -0.902299
0.518396 0.793395
0.316442 -0.344913
0.928332 -0.167649
-0.880368 0.110602
-0.000768 -0.516767
-0.569215 -0.890871
0.151489 0.648135
0.379109 -0.391839
0.637302 0.096701
-0.014889 -0.548213
-0.167359 -0.331922
0.583913 -0.885325
-0.938627 -0.141298
-0.187672 -0.093024
0.207691 0.368135
-0.074206 -0.203727
0.956684 -0.942771
-0.567594 -0.956643
-0.270603 0.670618
0.188520 0.618706
0.811259 -0.620014
0.818376 0.283209
-0.334667 0.928221
0.799334 0.135571
-0.723728 0.144432
-0.206508 -0.273492
-0.520432 0.901405
-0.134773 0.307381
-0.326154 0.500830
0.080241 -0.828941
0.780184 0.431899
0.793307 0.874161
-0.430127 -0.031305
0.524766 -0.944179
-0.272031 -0.003507
0.551101 -0.027384
-0.463970 0.742553
-0.965873 0.598877
-0.207433 0.354244
-0.799427 -0.523326
-0.598426 0.030087
0.575442 -0.028312
0.619436 -0.200490
-0.308737 -0.730062
-0.394013 0.010996
-0.092739 -0.969505
-0.009378 0.895383
0.748194 -0.240768
0.766729 0.395836
0.427496 0.956412
-0.343043 0.867640
0.106707 0.447640
-0.567673 -0.927222
-0.571273 0.135621
0.845627 -0.259556
-0.293857 -0.198652
0.331676 0.697110
-0.946270 -0.007533
0.106863 0.478555
-0.579929 0.142808
-0.385835 0.619832
0.301523 0.513732
-0.081286 -0.097149
-0.166536 0.103124
0.438075 0.196805
0.951938 0.410644
0.753280 0.767445
0.255561 0.224910
0.359144 0.446426
0.704119 -0.282685
-0.960977 0.553093
-0.593540 0.560830
0.240825 -0.296284
-0.503840 -0.358410
-0.665586 -0.829698
-0.372619 -0.001578
-0.006956 -0.066105
0.717006 -0.774614
-0.725618 0.173603
-0.217723 0.921560
-0.544218 0.553187
-0.815885 -0.500546
-0.258584 0.267479
-0.141887 -0.150783
-0.928588 -0.498333
0.766867 -0.045460
-0.878498 0.355041
-0.198514 0.488002
0.688551 0.158308
-0.179856 -0.012407
0.749191 -0.739121
-0.385029 -0.986143
0.313477 0.637585
0.066747 0.391907
0.771702 0.861563
-0.411939 -0.244899
-0.157997 0.502861
0.839471 -0.990783
-0.935512 0.806316
0.061156 -0.655484
-0.075699 0.169140
-0.940496 -0.406363
-0.275348 0.282952
-0.938923 -0.875042
-0.979506 0.583746
0.990105 0.848876
0.374464 0.945222
-0.847042 0.354805
-0.245443 0.133847
0.701990 0.671847
0.501709 0.486468
-0.899641 -0.818543
0.613349 -0.468212
-0.914546 -0.865634
0.417001 -0.376545
-0.992941 0.630518
0.011890 0.930876
-0.562791 0.914441
0.053632 -0.546760
-0.024911 -0.706204
0.533098 -0.692312
-0.370248 -0.631766
0.212425 -0.845995
-0.733149 -0.870959
0.179875 0.472134
0.967504 0.895095
-0.625489 -0.636737
-0.123082 0.084945
0.759918 0.419455
0.357874 0.875734
-0.086190 0.848321
-0.267473 0.407394
-0.575684 0.419849
0.305349 -0.605682
-0.323264 0.138779
-0.435477 0.935695
-0.402779 -0.560570
-0.832841 0.191446
-0.424089 -0.073703
-0.705427 0.028685
-0.880250 0.906994
0.364325 -0.312386
-0.874577 0.785345
0.842680 0.742982
-0.433078 0.231448
-0.366461 -0.210939
0.461237 -0.781101
0.096833 -0.823704
0.394534 0.485341
-0.988928 0.730514
0.058464 -0.706843
-0.061798 -0.597454
0.866035 -0.839673
0.315799 0.411305
-0.324073 -0.654126
0.103525 -0.586271
-0.087186 -0.512607
-0.687015 -0.970986
-0.198769 0.587981
0.627454 0.680879
-0.296750 0.461272
-0.879724 0.549231
-0.320489 -0.057219
0.988195 -0.872093
-0.301648 -0.530199
-0.619382 0.406038
0.674126 0.706494
0.512486 -0.112810
-0.550625 -0.166359
0.234589 0.068049
0.449087 0.794292
-0.307233 -0.054810
-0.868731 -0.016333
0.897899 0.754249
0.134005 -0.847685
-0.314529 -0.309942
-0.015150 0.902481
0.881785 0.109305
0.943229 -0.529908
-0.950327 0.569785
-0.632127 -0.466181
0.927454 0.761767
-0.723593 0.766217
0.040853 -0.606286
-0.112605 0.688829
0.990368 0.008445
0.500497 0.199394
0.318159 0.965079
0.561350 0.799333
-0.470682 0.235689
-0.216311 0.079218
0.088497 0.982131
0.904684 0.051884
0.880863 0.172692
0.084001 0.240884
-0.635262 -0.152819
-0.283877 0.681345
-0.392933 -0.770014
-0.129843 -0.213401
0.295268 -0.419107
-0.613622 0.001021
-0.477204 0.090757
0.501076 0.823248
-0.600646 -0.536818
0.377950 -0.738492
0.874483 -0.231309
-0.546428 0.043939
0.567895 0.065853
0.745795 -0.224436
-0.007975 -0.090218
0.960762 0.375791
0.803268 -0.174282
0.446812 0.375593
-0.968384 0.293836
0.482247 -0.690166
0.973712 -0.954155
0.442517 0.330725
0.642849 -0.409304
-0.520054 0.415884
0.514774 -0.557239
-0.698578 -0.987382
0.532938 0.584513
0.923773 -0.689655
-0.767539 -0.925584
-0.781116 0.211732
0.083038 -0.859894
0.040340 0.732137
0.922991 -0.960656
0.002382 -0.413931
-0.107376 0.893532
-0.722757 -0.000556
-0.871013 0.957085
0.749276 -0.237063
0.070868 0.192438
0.598128 -0.386535
0.510366 0.577917
-0.016315 0.987935
-0.857944 -0.809172
-0.254517 -0.406455
0.368065 0.654370
0.088164 -0.734837
-0.721422 -0.541168
-0.295368 -0.724820
0.982369 0.567004
0.182768 0.125592
-0.423487 -0.622138
0.347249 -0.863360
-0.117755 0.878105
0.349620 -0.775942
0.190709 0.947278
0.263601 0.316602
0.377618 -0.955882
-0.829637 -0.356707
0.810606 -0.140591
0.171207 -0.912821
-0.048689 0.960950
0.722205 -0.924099
-0.664414 -0.423944
-0.588518 0.287511
-0.274767 0.189310
0.406377 0.455913
0.996468 0.178136
0.292554 -0.364889
0.931367 0.199156
0.884192 -0.770891
0.438378 -0.104678
-0.033795 -0.917473
-0.022483 0.259163
0.454960 0.673132
0.250590 0.223882
0.002491 0.873751
-0.673796 0.637657
-0.923640 0.921036
-0.796148 0.340370
0.982065 -0.258753
0.898063 0.160257
0.358650 -0.658304
-0.537791 -0.716533
0.712591 -0.603670
0.457715 0.475492
-0.621010 -0.694668
-0.313931 0.130442
0.325989 -0.007431
-0.652843 0.338004
-0.678669 0.933977
0.098813 -0.725948
-0.300125 -0.261700
-0.572172 0.944460
-0.613940 -0.247408
0.486379 -0.959996
0.047839 -0.421314
-0.701938 -0.329251
0.741851 0.094673
-0.509152 0.077029
-0.335325 -0.015736
0.102787 -0.248360
0.757243 -0.218747
-0.639123 -0.206057
-0.025662 0.393330
-0.409416 0.659035
0.454317 0.019053
0.231681 -0.277695
-0.197382 -0.789906
-0.350867 -0.451690
-0.064826 -0.266429
-0.518213 0.016718
-0.328733 -0.774814
0.448200 0.171801
-0.505584 0.685544
-0.973192 0.996031
-0.339263 0.490929
0.965950 0.944966
0.272998 0.868228
0.417024 -0.357972
-0.377450 -0.716306
-0.592226 0.396008
0.909514 0.439597
0.772554 -0.999460
0.935342 -0.180413
0.016843 -0.390109
-0.305692 -0.588146
-0.977215 -0.416948
-0.464812 -0.758315
0.072235 -0.909329
0.200063 -0.144011
0.124874 -0.389150
0.100698 0.533057
0.205967 -0.688431
-0.777627 -0.228159
-0.267529 0.585473
0.029296 0.909882
0.982629 -0.634101
0.036115 -0.417719
0.382869 0.113214
-0.220195 0.483594
-0.443868 -0.174975
-0.226139 -0.542636
-0.318793 -0.752141
0.246887 0.740834
-0.712707 -0.771916
0.281755 -0.335799
-0.009416 0.779216
0.811576 -0.212113
0.811272 0.218819
-0.473900 0.463006
0.178905 -0.249521
0.843109 -0.144802
0.739667 -0.489252
0.052786 -0.756548
-0.309279 0.579097
0.543783 0.960115
-0.844429 -0.092995
0.730834 0.820590
-0.208711 0.003141
-0.420934 0.522787
0.679158 0.650892
0.814962 -0.508813
0.159952 0.779412
-0.625743 -0.397776
-0.611377 -0.974717
0.014271 -0.083062
0.709626 -0.206761
0.242891 -0.362821
-0.015917 -0.788701
-0.726510 -0.273031
-0.401841 0.885830
0.906030 0.782859
0.821062 0.669586
-0.171853 0.994089
0.365841 -0.710540
-0.770136 -0.983211
0.975801 0.576014
0.464523 0.475402
-0.221056 0.070795
0.042114 0.762615
-0.595658 0.477439
0.549589 0.729138
-0.513926 -0.143363
0.354476 -0.467102
-0.920099 0.686715
-0.820383 0.305264
0.588191 0.934306
0.740575 -0.171379
-0.201563 0.850352
-0.358516 -0.027666
-0.054276 -0.931480
0.059057 0.184712
0.098238 -0.844635
-0.946649 -0.780847
-0.072443 0.276701
-0.460916 0.547656
0.354794 0.735206
-0.184930 0.144043
-0.340314 0.294305
-0.928446 -0.733136
-0.623276 -0.129358
0.615377 -0.990378
0.747243 -0.247231
0.997513 -0.909157
-0.814195 -0.437865
