0.317629 -0.011941
-0.190635 -0.244713
0.495675 -0.763965
0.654853 -0.560123
-0.798535 -0.713634
0.835675 0.216822
0.694790 -0.248733
-0.435281 -0.062266
0.333410 0.498182
-0.318937 0.640724
0.429289 -0.719697
-0.575656 0.531845
0.279855 -0.746100
0.301348 0.311122
0.011836 0.436147
-0.284686 0.492799
-0.668432 -0.363430
0.007006 -0.824694
-0.816719 0.893851
-0.359146 -0.642378
0.875972 -0.111556
-0.214608 -0.699015
0.858007 -0.081586
-0.020550 0.671080
-0.903918 -0.192703
0.365168 -0.279847
0.825139 0.550223
0.094111 -0.731963
0.286435 0.047977
0.858043 -0.247263
0.976307 -0.045631
0.826832 -0.374895
0.704293 -0.805970
-0.137019 -0.647418
-0.622380 0.231976
0.936049 -0.239603
0.976817 -0.515037
-0.889094 -0.471654
0.680400 -0.212704
-0.112278 0.368204
-0.884945 0.795107
0.728467 0.254766
0.400348 -0.291749
-0.111745 0.765715
0.789229 0.678116
0.629155 -0.184336
0.474161 -0.630370
0.227546 0.744076
0.199685 0.518017
-0.277292 0.151166
-0.400080 0.644440
-0.949996 0.625464
-0.087809 -0.460151
-0.277409 -0.535299
0.968277 0.113247
0.861808 -0.167880
-0.048006 -0.960133
0.882205 -0.720305
-0.496980 -0.975463
-0.392616 -0.706587
-0.833765 -0.749086
-0.670873 0.520502
-0.380898 -0.825519
0.142865 -0.877904
0.471962 -0.093605
-0.423813 -0.021023
-0.507186 0.705352
-0.074810 0.691814
0.730098 0.080378
-0.103396 -0.074694
-0.114178 -0.978557
0.681383 0.160676
0.556862 0.990932
-0.697859 -0.312580
-0.181440 0.156881
0.579384 0.395892
0.293429 -0.545962
0.596170 0.824077
-0.540687 -0.431783
0.100756 0.050245
-0.929066 0.343303
0.955862 -0.450525
-0.139627 0.942432
-0.664034 0.748428
-0.702690 0.785027
0.840535 -0.889958
-0.963414 -0.945487
-0.005386 -0.657979
0.254237 -0.175104
-0.797449 -0.877678
-0.577119 -0.326841
-0.501574 0.867329
-0.322180 0.776130
0.132215 0.345205
-0.669293 0.042039
-0.989880 -0.893935
0.403444 -0.748555
-0.011250 -0.992372
-0.157986 -0.768445
-0.380441 -0.381013
0.997729 -0.675344
0.512084 -0.785668
0.598261 0.146139
-0.339868 -0.810267
-0.191257 -0.816161
-0.114659 -0.446657
0.086993 0.782463
0.627297 -0.307252
-0.041693 -0.556299
0.080723 -0.244786
0.229027 0.562435
-0.493211 -0.814422
-0.891998 0.673826
-0.274536 0.244201
0.821398 0.846899
0.710364 0.397569
-0.712523 -0.684161
0.141910 0.584650
0.604331 -0.892707
0.686679 0.138445
-0.715995 0.377800
0.914380 -0.752942
-0.756299 0.548449
0.811780 -0.784844
0.727051 0.870978
0.995440 0.418048
-0.872784 -0.011543
0.063751 -0.308805
-0.123948 0.731946
0.321680 0.846782
-0.322228 -0.523339
-0.307004 -0.546093
-0.780587 -0.375588
-0.130116 -0.502082
-0.567453 0.094834
-0.861210 0.121235
0.236080 -0.729087
-0.895951 -0.494035
0.842350 -0.155045
-0.895108 0.947844
0.803855 -0.275788
-0.287856 0.008471
-0.550672 0.108213
-0.938787 0.536029
-0.377150 0.347713
0.436000 -0.229252
-0.290973 0.878224
-0.375912 -0.282271
-0.294755 -0.864253
-0.123110 -0.206898
-0.226076 0.712004
0.949012 -0.696954
-0.158400 -0.589801
0.546513 0.448360
0.075747 -0.680960
-0.547702 -0.090504
-0.248051 -0.560716
0.249284 -0.410006
-0.500535 0.041936
-0.717225 0.605767
0.651806 -0.255298
-0.408506 0.238154
0.848266 0.227451
0.417829 0.777599
-0.078073 -0.020539
0.480262 0.861408
0.820391 0.283285
-0.170093 -0.485465
-0.548409 -0.829842
-0.693395 0.403827
-0.142418 -0.043890
-0.637742 0.614549
-0.669490 0.540687
0.449985 0.744936
-0.012320 -0.952711
0.400533 -0.550987
-0.955791 -0.297908
0.638032 -0.007918
-0.225188 0.832246
-0.424408 -0.365875
-0.052591 -0.085498
0.188285 -0.446668
0.841007 0.429099
0.207894 0.377237
-0.555496 0.118141
-0.717409 0.118114
0.223479 -0.584337
-0.395117 -0.081549
-0.040581 -0.697610
-0.366154 0.112105
0.858518 -0.290577
-0.206972 -0.405108
0.489642 0.846191
-0.232669 0.722046
0.832641 0.494644
-0.448247 -0.774765
-0.616369 -0.260125
0.178951 -0.025240
-0.620320 -0.639149
-0.629477 0.029285
0.700182 0.957881
-0.961464 -0.200401
-0.777953 0.984794
-0.861497 -0.044837
-0.500013 0.267647
0.285557 0.011840
-0.971002 -0.073395
0.291231 -0.534405
0.969626 -0.232917
-0.224791 0.556738
-0.330820 0.343341
0.842576 -0.220511
0.848594 -0.172174
0.245119 0.668352
-0.364192 0.265363
0.006768 0.593625
-0.659776 0.550415
-0.247731 -0.595423
0.981762 -0.920381
0.458791 -0.525481
-0.937878 -0.188716
0.980776 0.440594
0.279253 0.948894
-0.416595 -0.681672
-0.874018 0.500423
0.145810 -0.829192
-0.207793 -0.521073
-0.973603 0.767129
-0.618358 -0.703040
-0.185214 -0.257178
0.434510 0.099887
-0.139047 -0.179673
0.465311 0.289345
-0.354822 0.688364
0.164919 -0.935784
0.588692 0.951380
0.889710 0.716884
0.886385 0.504232
-0.627169 -0.951629
-0.846220 -0.458724
-0.079517 -0.448905
0.646698 0.387448
0.501097 -0.803957
-0.468052 0.453342
0.452930 -0.200084
-0.133725 -0.142479
0.795992 -0.508669
0.220730 -0.095841
-0.132017 -0.595645
-0.833917 -0.206380
0.322591 0.476315
0.460075 -0.191956
0.760296 -0.917774
-0.382259 -0.154232
0.097752 0.314249
-0.343754 0.225217
-0.184475 0.119092
0.185571 0.767186
0.359062 0.618829
0.379093 -0.034470
0.054875 -0.204887
-0.236961 -0.067637
0.930577 0.491876
0.533353 -0.812180
0.266949 -0.469688
-0.829833 -0.120665
-0.223762 -0.841339
-0.129442 0.807441
0.085556 0.754769
0.322097 0.611224
0.519212 -0.073685
-0.368977 -0.918411
-0.076376 -0.425446
0.049487 -0.176677
0.930736 -0.795545
0.417146 0.183167
-0.727241 0.994808
0.130548 0.472452
0.838286 -0.999174
-0.751518 -0.351366
-0.721921 0.192538
0.932188 -0.125931
0.737721 -0.875321
-0.673121 0.037544
0.099605 -0.546623
0.499559 -0.805485
0.232401 -0.187152
0.021603 -0.670667
0.000420 -0.323482
-0.375443 -0.676842
-0.693369 0.077539
0.914864 -0.304570
0.728293 -0.983824
0.194064 -0.270592
-0.553977 -0.698313
-0.981889 0.363073
0.157167 -0.155303
0.732864 -0.886274
0.690919 -0.139167
0.531082 0.695649
-0.803123 -0.648381
-0.147956 -0.030742
-0.876879 0.632642
-0.649453 0.897328
-0.693175 0.965240
-0.740850 0.999336
0.186159 -0.084476
0.592355 -0.944373
0.864716 -0.009427
-0.778899 -0.504199
-0.238555 -0.252052
-0.223752 0.232832
-0.584749 -0.557909
-0.099973 -0.747342
0.052231 0.689755
-0.849523 0.289917
0.810349 -0.694056
-0.308092 -0.022689
-0.775167 -0.612897
0.751104 -0.864786
-0.935767 -0.378324
0.621279 0.874593
0.218790 -0.844783
-0.460758 -0.110544
0.429640 -0.152307
0.919633 -0.537727
-0.833168 0.326940
-0.854527 -0.750144
0.350449 0.227394
0.021691 -0.885970
-0.386577 0.720364
-0.245619 0.543114
-0.977872 0.000361
-0.327334 -0.439937
0.505090 -0.291878
0.306165 -0.640529
-0.662937 0.848261
0.718742 -0.154320
0.129486 -0.305072
0.212070 -0.253321
0.243002 -0.244897
-0.077667 -0.533444
0.415531 0.502820
0.918141 0.394929
0.457664 -0.143641
-0.034447 -0.423035
0.453145 -0.811519
-0.728094 0.510743
0.548606 0.021239
0.558280 -0.895566
0.732991 0.739458
0.243213 -0.060498
-0.863420 0.667033
-0.135427 0.559505
-0.430341 -0.587558
0.696774 0.913035
-0.294935 0.030437
0.195055 0.268573
0.937999 -0.757171
-0.339287 0.514155
0.787880 0.152503
0.662666 -0.666044
-0.710760 -0.123965
0.040665 0.088927
-0.683040 0.020524
-0.193491 -0.281900
-0.540316 -0.999720
0.510238 0.302416
-0.108422 0.861546
-0.958302 0.909770
0.279294 0.945048
-0.576880 -0.534915
0.339038 0.475896
-0.054477 0.710065
-0.305453 0.125176
-0.056245 -0.465319
0.572078 0.714844
-0.479502 0.848422
0.118921 0.789926
-0.049847 -0.425250
0.970978 -0.704026
0.203517 0.569330
0.565271 0.322041
0.607059 0.557148
0.408239 0.838124
-0.600073 0.257232
-0.070911 0.098275
-0.818949 0.351578
-0.400157 0.673209
0.810559 -0.600990
-0.430185 0.368814
-0.836965 0.000804
0.846022 0.548914
0.430738 0.685656
-0.888096 0.379986
0.889781 -0.060661
-0.681202 -0.772567
-0.233952 0.736455
-0.628057 0.138625
-0.325332 0.938486
-0.646794 -0.997728
-0.736293 0.121240
0.604491 -0.143134
-0.047183 0.881193
0.607149 -0.739003
0.330248 0.072993
-0.650043 -0.489927
-0.007009 -0.916467
0.420266 -0.345907
0.856462 0.027683
0.501204 0.421941
-0.647337 0.107128
-0.611606 0.673475
-0.292305 -0.868348
-0.299726 0.331101
-0.230619 0.568851
0.643187 -0.379832
-0.587544 0.620423
0.299581 0.967248
-0.964558 0.134433
-0.222852 -0.477684
0.277339 0.804203
-0.622347 -0.719728
0.194585 0.520041
0.628687 0.846635
0.149219 -0.007129
0.085723 0.777090
0.142131 0.688789
-0.857493 -0.664854
-0.784478 0.611593
-0.541896 0.530608
-0.611378 0.917350
0.508635 0.188993
-0.352234 -0.775051
-0.510046 0.839560
0.572161 -0.345037
0.261904 0.934105
-0.842720 -0.699989
0.622701 0.392784
-0.698387 0.384517
0.847934 0.630209
-0.661182 -0.289691
-0.207582 -0.169589
-0.027267 -0.324239
-0.001688 0.198223
0.662147 -0.856260
-0.167329 0.034118
0.733031 0.677833
0.571340 -0.292481
-0.563436 0.127957
0.831546 0.919955
0.764291 0.134816
0.750438 -0.136723
-0.754868 0.773777
-0.337326 -0.148534
-0.706253 -0.500658
0.732639 -0.936103
0.740091 0.220647
-0.818930 0.025770
-0.419095 0.452711
-0.208417 0.019653
-0.473613 -0.800122
-0.153870 0.608726
-0.843458 0.007570
0.713824 -0.141514
0.947384 -0.236801
-0.012200 -0.438103
-0.019799 0.894654
0.237253 -0.143318
0.223906 0.187058
0.022322 -0.876860
-0.554635 -0.143090
-0.567626 -0.646241
0.852832 0.235982
0.030786 0.439801
0.036857 0.307270
0.185496 0.691117
0.939678 0.617449
-0.740966 0.618943
-0.550591 -0.257276
-0.422501 -0.488642
0.283157 -0.657033
0.105809 -0.042825
0.840218 0.464159
-0.159618 0.438164
-0.863153 -0.281357
-0.399547 -0.515423
0.478498 0.397617
-0.639643 -0.481498
-0.009838 -0.194168
0.312577 0.020949
0.678518 -0.016567
-0.548389 -0.380158
0.292950 0.434914
-0.799499 0.817863
0.131261 -0.316196
-0.930445 -0.077526
0.596487 -0.760095
0.605199 -0.787265
0.246114 -0.474020
0.614521 -0.079737
-0.673327 0.435463
0.156409 -0.647105
-0.883928 -0.805304
-0.563699 0.376652
-0.182368 -0.618411
0.356606 0.731904
-0.536249 -0.289521
-0.078951 0.425815
0.771843 -0.392302
0.134263 0.443966
-0.752474 0.271707
