0.397853 0.694163
0.857304 0.948672
-0.547223 0.707702
0.424719 0.633025
-0.543782 -0.567231
-0.191575 -0.699330
-0.921666 -0.411487
0.792738 -0.184444
-0.080973 0.835688
-0.983147 0.445766
0.190390 0.632840
-0.876459 0.260744
-0.239745 -0.958786
-0.397602 0.967666
-0.001645 -0.218898
-0.203991 0.288535
-0.048776 0.169097
0.643703 -0.230536
0.758543 0.082864
0.407156 0.068712
-0.026660 -0.438598
-0.412835 0.130319
0.831028 0.563697
0.762107 -0.282305
-0.087823 -0.799567
0.257529 -0.517467
-0.832050 -0.267849
0.200614 -0.124932
0.812302 0.894882
-0.903573 -0.189097
0.387123 0.494795
0.427832 -0.937692
