-0.138266 -0.667668
0.614428 -0.772082
0.786473 -0.898248
0.490639 -0.256387
0.974366 0.791940
0.754796 -0.406893
0.233692 0.685403
-0.910533 0.600724
-0.477731 0.601687
0.237752 -0.831357
-0.067952 0.998567
0.313458 -0.080139
0.904385 -0.955421
-0.636860 0.509784
-0.671623 0.729754
-0.598917 0.856814
-0.620399 -0.918980
-0.934358 0.732406
0.218836 0.563049
0.946442 0.669085
-0.102028 0.912036
0.334893 -0.876790
0.611156 -0.718916
0.768124 0.734279
-0.743165 0.087840
0.152568 0.352760
-0.842357 -0.226206
-0.453700 0.988604
0.506758 0.030141
0.826432 0.108799
0.884200 0.348854
0.335660 -0.962206
0.832001 0.612372
-0.807320 -0.269414
0.206380 -0.739710
0.513165 -0.824564
0.080754 0.817142
0.259591 0.555671
0.072257 -0.860161
-0.877680 -0.047190
0.003235 -0.985305
-0.726021 0.498432
0.980221 0.082484
-0.496931 -0.853225
0.357902 -0.371803
0.659444 -0.701903
-0.883947 0.517824
0.546136 0.717728
-0.758150 -0.890815
0.846447 0.679692
0.456225 0.200998
0.576538 0.099145
0.609792 0.113118
0.939281 0.880216
-0.684239 0.575237
0.238185 0.014591
-0.822224 0.387045
0.746327 0.033971
-0.837795 0.162835
0.987709 -0.565095
0.369614 -0.236545
0.320892 -0.877640
0.874117 -0.211423
-0.410094 -0.303549
