0.325895 -0.976238
0.861151 0.294368
0.474075 -0.656143
0.505911 0.228073
0.267852 -0.383966
-0.486021 0.375327
0.190036 -0.444072
0.608140 -0.028083
0.776774 0.807691
-0.715354 0.202979
0.869047 -0.899858
0.605618 0.626040
0.554921 0.239385
0.156948 -0.722209
-0.962618 0.686293
0.700834 -0.530036
-0.915089 -0.699041
-0.249028 -0.425322
0.151427 -0.662985
0.980586 0.592151
-0.065790 -0.740843
-0.044456 -0.069219
0.014232 -0.152551
0.716899 0.422726
-0.617415 -0.333943
-0.763479 -0.485883
-0.754189 0.245950
-0.156510 -0.062228
-0.381578 0.493041
0.004356 0.426947
-0.510901 -0.025745
-0.826869 -0.492796
0.517924 -0.667821
0.612522 0.961900
-0.191809 0.623878
-0.942238 0.540970
0.246928 -0.133970
-0.545881 0.571371
-0.294577 -0.643353
-0.343520 -0.552758
0.087007 -0.402658
0.944714 -0.354097
0.286039 0.400537
-0.922043 -0.238200
-0.410027 -0.223174
0.324685 -0.604656
0.021250 0.433187
-0.258536 -0.276121
0.297943 0.894393
0.892279 -0.415709
0.781768 0.604112
-0.869270 -0.768258
-0.170146 -0.010508
-0.080800 -0.814436
0.999372 0.066673
-0.482637 -0.730224
0.687413 -0.983345
0.523961 0.480077
0.823920 0.907199
0.140564 0.909347
0.558028 -0.195360
0.367309 -0.510196
0.389043 -0.556548
0.152160 0.046986
-0.194849 0.351793
0.482522 -0.467745
0.058085 0.324575
0.747224 -0.859171
-0.844952 -0.722146
0.030026 -0.185326
0.254196 0.597973
-0.181557 -0.324670
-0.752666 -0.327756
0.723099 -0.777119
0.776970 -0.701626
-0.787567 0.021709
-0.195922 -0.717214
-0.302141 0.461780
0.678653 0.455045
-0.297689 -0.452864
0.017423 -0.836933
0.216724 -0.024503
-0.390502 0.936361
-0.754046 -0.144180
0.333468 -0.785977
0.282891 -0.841262
0.663314 -0.903003
-0.694105 -0.000683
-0.819450 0.938847
-0.767241 -0.921872
-0.704057 0.552137
-0.563772 -0.467950
0.448518 -0.554613
-0.131719 0.680827
0.864744 0.635554
0.858680 0.716708
0.388194 -0.348894
0.952393 0.967122
-0.431709 -0.485390
0.054113 0.594189
-0.808126 -0.561132
0.212173 -0.129161
-0.128602 0.604927
-0.068224 -0.967357
0.203758 0.828774
-0.293204 -0.713683
0.967424 0.606171
-0.322636 0.499623
0.198757 0.308440
-0.053442 -0.139511
0.366772 0.271063
-0.427107 -0.466819
0.651466 0.802839
0.317320 0.866640
-0.716159 0.892805
-0.464168 -0.064251
-0.257434 -0.134947
-0.769139 -0.589395
-0.516405 -0.345305
0.936330 0.299028
0.210639 0.373764
0.832800 0.099957
-0.641394 -0.930751
-0.929379 0.510671
0.514060 -0.655241
-0.977935 -0.853967
0.027263 -0.250533
-0.343282 0.964934
0.354204 0.972188
0.307309 -0.462132
0.781267 0.157845
-0.515190 0.808509
0.933150 -0.782953
-0.865921 0.101216
-0.532699 0.880575
0.881433 -0.562759
-0.820265 -0.283414
0.151347 0.459921
0.632754 -0.722708
0.207156 -0.147275
0.042923 -0.671822
-0.794217 0.624636
0.475295 0.320866
-0.326835 -0.480241
-0.589352 0.063098
-0.322807 0.678933
-0.331389 -0.228850
-0.888165 0.657594
-0.497561 -0.148705
0.467390 0.282496
0.273235 -0.703239
-0.092998 -0.734021
0.342056 0.778793
-0.852071 -0.727215
-0.847866 -0.571463
0.286992 -0.629553
-0.835290 -0.301553
-0.154763 0.938254
0.451882 0.557111
-0.318807 0.036896
-0.386457 -0.867131
0.295483 -0.986695
-0.318585 -0.981820
-0.712096 -0.140540
0.884328 -0.133718
0.433922 -0.825559
-0.891577 0.413301
-0.557904 0.848132
-0.722156 0.928623
0.693575 0.110390
0.772475 0.422950
-0.178130 -0.223937
0.559271 -0.093925
-0.431020 0.082649
0.330212 0.828536
-0.778283 0.796390
0.781382 -0.172084
0.214854 0.872890
0.205512 0.267178
-0.393557 -0.154444
0.688953 0.794144
-0.567740 0.281667
0.954211 0.439304
0.153760 -0.584561
0.548109 0.214977
0.617222 -0.603973
-0.027963 -0.866044
-0.404132 0.833326
-0.280214 -0.764553
0.919433 -0.554257
-0.416919 0.032708
0.695953 -0.405175
0.752120 0.636645
0.068436 -0.184010
-0.887055 0.862549
-0.051653 0.503847
0.737891 0.286390
-0.035006 0.336996
0.720753 0.069916
-0.943279 -0.128038
-0.287770 0.192239
-0.988101 -0.159629
-0.203606 0.504725
-0.364424 0.339267
0.027152 0.059974
0.895903 0.501835
-0.914137 0.135443
0.498604 0.155452
0.915316 -0.665619
-0.355215 0.686216
0.927683 -0.028219
-0.079580 -0.519143
-0.423115 0.949259
0.783734 0.685558
-0.808909 -0.040756
-0.822658 -0.485057
-0.490519 0.497671
0.953983 -0.631327
-0.225634 0.158849
-0.113136 -0.682212
0.840326 -0.707519
-0.406196 0.822589
0.916697 0.189436
-0.349861 -0.714368
0.217483 -0.086682
-0.701646 0.158409
0.156237 -0.013676
0.050719 -0.018044
0.477311 0.368908
-0.240099 -0.211605
0.482674 0.444657
0.342289 0.929168
-0.725051 -0.056383
-0.071762 -0.178358
-0.656265 0.309046
-0.733759 0.643150
0.651433 -0.647876
0.645738 0.920607
0.555912 0.945128
-0.591922 0.395217
0.890001 0.104184
-0.679464 0.562299
-0.470302 -0.786437
0.867617 0.533712
-0.438647 -0.090191
-0.889387 -0.503596
-0.648578 -0.096010
0.880985 0.051102
0.768373 -0.076990
-0.092065 -0.694293
0.084023 0.583124
-0.046436 0.576515
0.692534 -0.561147
-0.038917 0.274265
-0.803869 0.880298
0.699869 -0.304295
-0.318190 0.499988
0.139221 0.140034
0.978223 -0.768629
-0.745658 -0.428741
-0.262343 0.640603
0.659985 0.417865
-0.427725 0.010102
0.636098 0.325851
0.957223 -0.024969
-0.471878 -0.396344
0.405644 0.397720
-0.109951 0.041204
-0.393400 0.302119
0.187263 0.579280
0.225700 -0.503693
0.130680 -0.240158
0.864329 -0.236033
0.458173 0.933619
-0.954606 0.330282
-0.081341 0.362557
-0.402456 0.703679
0.402261 0.834647
-0.639486 0.121550
0.918916 -0.043621
0.466452 -0.303452
0.068378 -0.946210
0.653490 0.157730
-0.715769 -0.217760
0.132375 -0.219739
0.059261 -0.063151
-0.010852 -0.860866
-0.675217 -0.757985
-0.721248 0.057357
0.275433 -0.238345
-0.143043 0.104592
-0.459687 -0.599942
0.618093 0.291139
-0.077174 0.428315
0.499265 -0.353599
0.457947 0.595960
0.492398 -0.213798
-0.387793 -0.301738
0.351063 0.383332
0.626811 0.267622
-0.764171 0.639785
0.520487 0.727368
0.841660 -0.770609
-0.775416 -0.028369
-0.126806 0.302720
0.918286 0.555228
0.782943 -0.019496
-0.289833 -0.902716
0.682628 0.042819
-0.717757 -0.473765
0.587914 0.785203
0.630466 0.042682
-0.827818 -0.409481
0.802076 -0.976037
-0.614243 0.283609
-0.982910 -0.824545
-0.353116 0.677560
0.480986 -0.642015
0.940867 -0.478318
-0.621128 0.916274
-0.035294 -0.146236
-0.624790 0.739370
-0.024919 -0.127924
-0.113268 0.505083
-0.660754 0.951639
0.163874 -0.574791
-0.416924 0.410166
-0.130084 -0.968612
0.518803 0.431799
0.737036 -0.799136
0.578276 0.454930
0.023292 -0.703417
0.494071 0.644682
-0.707248 0.586778
0.079028 -0.478425
-0.516843 -0.560078
0.255625 0.051144
0.410257 -0.509359
-0.030520 0.977816
-0.879650 -0.963288
-0.218030 -0.121398
-0.698183 -0.925258
0.543353 0.574227
-0.118721 0.715688
0.238077 -0.667822
-0.260212 -0.457298
0.153850 0.071549
0.278130 -0.475136
-0.587176 0.735188
-0.435140 -0.395247
-0.470507 -0.793057
0.205170 0.771129
-0.859895 0.829002
-0.669319 -0.732778
0.440079 -0.914310
0.337993 0.702222
-0.267268 -0.605558
-0.489076 -0.715004
0.861910 0.096217
0.704345 0.453953
-0.009600 -0.729203
0.085173 -0.798666
0.273250 0.889360
0.583179 -0.188378
0.532912 -0.308208
-0.139967 -0.944818
-0.413797 -0.360429
0.316521 0.667782
0.274483 -0.346479
0.737984 0.719154
-0.701617 0.269122
-0.269207 -0.681917
0.007605 0.341760
-0.226960 -0.504057
-0.585836 0.085471
0.489652 -0.983846
0.392607 0.477654
0.842585 0.283895
0.725627 0.953797
-0.083617 0.208698
0.876886 -0.437326
0.326050 0.475770
0.457351 0.640010
-0.996950 0.522571
-0.970005 -0.452683
-0.003534 -0.998360
0.564133 0.924152
0.945348 -0.124209
0.188407 0.768928
0.225813 0.317482
-0.372332 -0.796953
0.410059 -0.551898
0.149000 -0.944031
0.854664 -0.927870
0.229125 0.981511
0.787541 0.575271
0.459969 0.052198
0.898574 0.057286
0.510351 -0.320332
-0.937861 -0.899146
-0.978536 -0.684656
0.098236 0.843567
0.525240 -0.578369
-0.556335 -0.975867
0.100095 -0.088987
-0.780662 -0.932849
-0.457769 0.914117
-0.513436 -0.512354
0.518754 0.243353
-0.439409 -0.571968
-0.826938 -0.090444
0.758720 -0.565479
0.494074 -0.077708
0.581640 -0.114144
0.035887 -0.284687
-0.287781 0.054149
-0.264348 -0.248166
-0.452016 -0.756665
0.891040 0.769988
-0.065185 -0.197781
-0.614013 -0.823975
0.697861 0.873917
0.569944 -0.333491
-0.602115 -0.786648
0.651661 -0.390262
-0.277109 -0.349003
0.136466 0.003923
-0.615096 -0.494336
-0.511244 -0.591831
0.875225 0.587552
0.164654 0.264699
-0.033206 -0.750036
-0.486906 -0.634340
0.984075 -0.493518
0.713201 0.978081
0.670119 -0.140629
0.261537 0.439158
-0.143185 0.646540
-0.025214 -0.481808
0.617038 0.969405
0.064612 -0.472100
0.552082 0.057200
-0.589301 -0.629522
-0.089611 -0.965259
0.552672 0.911687
-0.842671 0.139418
0.780605 0.996222
0.733021 0.318081
-0.454694 -0.173373
0.717562 0.425558
0.624202 -0.473796
0.001263 0.324247
0.736040 0.761329
0.921512 0.744884
0.579270 0.764484
0.529964 0.647166
0.947854 0.841880
-0.256451 -0.512174
-0.657864 -0.471183
0.974635 0.516983
0.321301 0.883623
0.405694 0.840957
0.200614 -0.805979
0.066722 -0.334852
0.517440 0.889597
-0.010268 0.863999
0.304783 -0.286184
-0.315682 0.371389
0.148652 0.157056
-0.787246 0.720930
-0.358655 0.600504
-0.887041 -0.086731
0.568786 0.462374
-0.770565 0.609933
-0.572718 0.600686
-0.181293 0.343461
0.672353 -0.119029
0.112414 -0.542207
0.078496 0.628583
-0.918818 -0.685463
-0.350444 0.422616
0.418447 0.754423
-0.352052 0.016500
-0.647744 0.605153
-0.848029 -0.193696
0.602431 0.050619
0.790374 -0.997555
0.963622 -0.698590
0.135598 0.135310
-0.370371 -0.867962
0.221239 0.276661
-0.395618 0.643242
0.753237 -0.905444
0.774844 -0.736995
0.713797 -0.868246
0.103000 -0.393473
-0.835627 0.022929
0.823051 0.019037
-0.837815 0.861013
0.054824 0.407453
-0.337060 0.828658
0.495886 -0.358260
0.367691 -0.013592
-0.767661 -0.424016
0.272015 -0.583466
0.002358 0.730166
-0.906747 0.050526
0.882839 0.486366
-0.047153 -0.403186
-0.863023 -0.302436
-0.091120 -0.436090
0.986888 0.469747
-0.772490 -0.039403
0.094208 -0.517570
-0.955586 0.874785
0.377506 -0.790384
-0.118854 0.716776
-0.152980 0.170307
-0.872545 -0.517563
0.064977 0.258456
0.541412 0.629928
-0.896026 0.198934
0.157501 -0.444402
-0.874876 -0.935515
-0.366378 -0.258533
-0.192279 -0.582833
0.622001 0.899701
-0.573466 0.664713
-0.863852 -0.601082
-0.223316 -0.580647
-0.774570 -0.012553
0.889292 -0.687905
-0.343546 -0.932514
-0.112035 0.021286
0.785009 0.958643
-0.734751 -0.476438
-0.086398 -0.818421
-0.779436 -0.369095
-0.899110 -0.860827
0.087882 0.231532
-0.771529 0.423921
0.004742 0.968319
-0.802997 0.917386
-0.132060 0.622412
0.291999 -0.161783
-0.467577 0.035663
0.325917 0.325751
-0.622687 -0.576508
0.990158 0.679105
0.380188 0.292113
-0.877399 0.531208
0.117719 0.476236
-0.911634 -0.857877
-0.954839 0.286332
0.589562 -0.842096
-0.393703 0.393337
0.210823 -0.188591
0.675107 0.169704
-0.795823 0.678902
0.457617 0.509475
-0.672593 -0.160288
0.953680 -0.873823
-0.960732 -0.031627
0.545591 0.725826
-0.576675 -0.165308
0.810898 0.018761
-0.896029 -0.808405
-0.663949 0.460115
-0.914284 -0.605516
-0.640763 0.575874
0.532041 -0.545701
0.102491 0.471098
0.686309 -0.157328
-0.999181 0.451473
-0.650529 -0.938960
0.190713 0.698665
0.606821 -0.505701
0.442374 0.872176
0.489399 -0.568944
0.549537 -0.607850
-0.019720 0.480684
0.073855 -0.504859
-0.099884 0.281016
-0.262777 0.921947
0.632283 -0.044265
0.471822 -0.418449
-0.624138 -0.506855
0.553676 0.334199
-0.574705 -0.432898
0.549141 0.069890
0.535478 -0.802680
0.353163 0.144824
0.333108 -0.528014
-0.941280 -0.591431
0.889526 -0.648954
-0.437406 0.999602
-0.820507 -0.505725
-0.973753 -0.467606
0.349529 0.127976
-0.163602 -0.348184
-0.059428 -0.913657
0.103015 0.241109
0.206239 0.408281
0.683901 -0.340781
0.777086 -0.611906
-0.394733 0.003541
-0.457603 -0.847782
-0.240758 0.095159
-0.366193 0.263659
0.841482 -0.164808
-0.225673 0.966887
-0.879451 -0.737966
-0.182334 0.941219
0.674027 0.825539
0.759511 0.446256
-0.765126 -0.661424
0.324462 0.504401
0.082586 0.015272
-0.903326 0.800901
-0.013825 0.573765
-0.240840 0.245314
-0.997534 -0.869882
0.405139 -0.780306
-0.404526 0.103457
0.633320 0.012901
-0.211738 -0.916348
-0.341825 -0.953154
-0.591416 -0.365220
-0.168435 0.493582
0.751545 -0.472974
-0.781825 0.142939
0.037543 0.267730
-0.948590 0.024453
0.332338 0.749531
0.218838 0.710267
-0.628003 -0.039939
-0.490200 -0.578343
-0.837781 -0.877248
0.638428 -0.669956
0.932008 0.543499
-0.410654 -0.244800
-0.163027 0.732378
-0.297009 0.815428
-0.844267 0.959746
-0.631666 0.792452
0.493799 0.304427
-0.768689 -0.353890
-0.305552 -0.775727
0.615808 -0.280689
-0.985895 -0.139438
0.637393 -0.483299
-0.567915 0.431670
-0.122253 0.151514
-0.686761 0.956295
-0.042426 0.243352
0.410031 0.017613
-0.252155 0.768274
0.793010 0.116819
-0.395529 0.153719
0.245902 -0.744823
0.034020 -0.815695
-0.000739 0.880663
-0.846422 0.320584
-0.370554 0.073851
-0.573838 0.034552
-0.824021 0.252206
0.029313 -0.884651
-0.727736 0.613970
-0.567503 0.914082
-0.286673 -0.180008
-0.242096 0.260269
0.133945 0.716619
-0.804487 -0.797642
-0.496308 -0.217280
0.229315 -0.144708
-0.326478 0.221297
-0.649957 -0.010651
0.541179 0.593849
0.840672 0.048887
-0.633995 0.501574
-0.936288 -0.350022
0.559765 0.188228
0.141363 -0.196915
0.281261 -0.599241
-0.927041 -0.650157
-0.394986 -0.047096
0.260435 -0.387154
0.918205 -0.668280
-0.524249 0.919634
0.308362 0.702512
-0.540859 -0.537461
-0.124270 -0.733298
0.430385 -0.403895
-0.311351 0.428214
0.560658 -0.208394
-0.249737 0.507718
-0.792374 -0.242355
-0.612993 -0.838061
-0.244042 0.569991
-0.629264 -0.992059
-0.720242 0.023412
-0.498184 0.097334
-0.587083 -0.530737
0.764901 -0.831612
-0.170883 0.423692
0.631683 0.499744
0.188678 -0.758909
-0.411751 0.064607
-0.870256 -0.964882
-0.491121 0.612761
0.195326 0.397432
-0.199230 0.645611
0.416379 0.228872
-0.019223 0.216817
0.661826 0.532135
-0.460695 0.001229
-0.715445 -0.165500
-0.238462 -0.397709
0.312058 -0.046513
-0.964298 -0.935787
0.868196 0.556571
-0.102488 0.868198
0.737611 -0.139627
0.124535 -0.796812
-0.088432 -0.818740
-0.089278 -0.584614
-0.816831 0.057873
0.672765 -0.936508
-0.212814 0.468147
-0.091967 -0.851987
-0.721574 -0.830460
0.880855 -0.647941
0.630430 0.452595
-0.284623 -0.875334
-0.549131 0.639228
0.394844 0.596193
0.353720 -0.424260
-0.289364 -0.575160
0.779749 -0.352472
0.935056 0.154129
0.600005 -0.043275
-0.181495 -0.325125
0.920235 -0.031746
-0.848551 0.927295
0.806881 -0.682650
0.904690 0.235575
-0.473495 0.440916
-0.851212 -0.413727
-0.942625 0.088806
-0.158498 -0.708110
0.085614 -0.484034
-0.529344 0.050085
-0.583412 -0.327933
0.080323 -0.189290
0.347293 0.980180
-0.320562 0.039124
-0.964816 0.578723
-0.477818 -0.578899
-0.165403 0.665253
-0.634238 0.969174
0.292457 0.414299
-0.918632 -0.109597
0.714969 0.123465
-0.069347 0.533668
-0.846660 0.116732
-0.471597 0.856293
0.927778 -0.077450
-0.537635 0.807997
0.875745 -0.590439
-0.065339 -0.408894
0.409329 -0.820624
-0.559990 0.993961
-0.173670 -0.608296
-0.534804 -0.241478
-0.877711 0.799841
0.385472 0.917689
0.534369 0.404909
-0.813327 0.054831
0.766470 -0.996335
0.886673 -0.753505
-0.826265 0.159918
-0.149357 -0.929271
-0.899882 0.171566
0.356135 -0.236576
0.690567 -0.984586
0.713225 0.826848
-0.242508 -0.466690
0.382064 -0.682612
-0.391336 0.089789
0.034306 -0.987712
-0.117958 -0.401832
-0.009518 -0.537708
0.429701 -0.305025
-0.649729 -0.684970
-0.744005 0.525818
0.768766 0.953629
-0.324093 -0.786377
-0.516058 0.904756
0.983229 0.618123
-0.586515 0.303378
-0.644087 0.026485
0.930666 0.639777
0.732786 -0.399689
0.873535 0.024703
0.336135 0.424975
0.972443 0.355938
0.132422 -0.681771
-0.457898 -0.634691
0.941948 -0.781644
-0.831884 -0.865328
-0.795279 0.392565
0.446214 -0.158422
-0.908616 0.182411
-0.191721 -0.440975
0.501510 0.490259
0.539343 0.804759
0.039483 -0.061049
0.224487 0.646505
-0.381384 0.936967
0.974834 0.321128
0.782958 -0.598854
0.845713 0.692555
0.135500 0.310539
-0.883773 -0.703219
0.791573 -0.199423
-0.082380 -0.385130
-0.904877 0.838977
0.754521 0.682563
-0.400464 -0.705747
0.435261 -0.376985
-0.724833 -0.534341
0.146831 -0.051604
0.008194 -0.855473
0.861456 0.673243
0.875914 0.588595
0.547025 0.085831
0.227040 0.268073
-0.881377 0.262860
0.487657 0.087528
-0.171480 -0.791838
0.998279 -0.988974
-0.981940 0.891807
0.056481 -0.723878
0.398682 0.514822
-0.929156 -0.152460
0.521026 0.035497
0.257160 0.379596
0.737901 0.998598
0.503272 0.958542
-0.117575 -0.351699
0.565967 -0.557326
-0.778423 0.916734
0.811217 -0.241340
-0.849601 0.610033
0.805468 0.114302
-0.179297 -0.809936
0.892830 0.883135
-0.954895 -0.851828
0.600975 -0.678887
-0.175580 -0.837007
-0.098128 0.633470
0.797606 -0.196133
0.619594 -0.435744
-0.228914 0.305298
-0.635572 -0.587454
0.642555 -0.183800
-0.898362 0.735512
-0.489581 -0.813847
-0.379591 0.351709
0.550733 -0.119349
0.712210 0.688317
-0.942237 0.869531
0.941637 0.982360
0.728492 -0.804662
-0.879883 -0.722314
0.598182 0.664047
0.857641 0.313090
-0.346982 -0.266132
-0.416487 0.178883
-0.281948 0.475097
0.143015 0.805623
0.857428 -0.225832
0.911450 -0.297024
-0.346258 0.741602
-0.365999 -0.835114
0.782277 0.137057
0.376222 0.850857
-0.010761 -0.758165
-0.531875 0.228886
0.383371 -0.207844
0.353312 0.045240
0.383083 0.368356
-0.853426 -0.094387
0.700932 -0.871822
0.359487 -0.588027
0.318884 0.506402
-0.944081 0.788998
0.640853 -0.676877
-0.213896 0.847730
0.236776 0.985739
-0.428827 0.283446
-0.223836 0.911245
0.894700 0.662896
-0.256199 0.220033
0.379254 0.304231
0.797206 -0.707712
0.574651 0.914356
-0.747290 0.325895
0.567282 0.612615
0.170239 0.651482
-0.158779 0.701713
0.088214 -0.228519
0.922782 -0.841036
-0.875133 0.404314
-0.460840 0.687161
-0.075405 0.258005
0.028599 -0.807866
0.180692 0.567112
-0.376412 0.028805
-0.861248 0.513057
0.986478 0.641673
-0.790668 -0.895597
-0.413496 -0.460812
0.525466 -0.003532
0.119050 -0.388306
0.433119 0.331981
-0.160453 0.522287
0.573595 0.023447
0.082025 -0.001321
0.283648 0.765174
0.598305 -0.907635
-0.106460 0.748080
-0.951015 0.027815
-0.850674 0.921861
-0.152001 0.767158
0.023349 -0.859673
0.084010 0.404868
0.942319 0.391833
0.546508 -0.825152
0.002257 -0.766293
-0.009792 0.546261
-0.421913 0.154899
-0.335350 -0.269196
0.019263 0.325488
0.096324 -0.008291
-0.999751 -0.431670
-0.217579 -0.287398
0.451015 0.268010
0.694203 -0.467654
0.312243 -0.688439
0.267298 0.756775
0.384222 0.533329
0.372199 0.158213
0.718828 -0.057268
-0.562672 -0.832907
-0.727967 0.535770
-0.882933 0.335322
-0.403440 0.251571
0.010852 0.465887
0.033254 0.917679
0.840915 0.667768
0.325288 0.508872
0.672218 0.241775
0.123734 0.601607
0.653984 0.435990
0.544049 0.181986
0.144290 -0.447482
-0.969236 -0.435492
0.370428 -0.270917
-0.560978 -0.925448
0.484693 -0.974637
-0.279246 0.376967
0.731063 0.718076
0.328884 -0.210235
0.063357 0.221311
0.624111 -0.211046
0.238528 -0.563394
0.879670 -0.675147
-0.514474 -0.334562
0.102881 0.642323
0.026296 0.666787
-0.250863 -0.195075
0.099627 -0.695766
-0.871521 -0.127453
-0.865253 -0.364812
-0.408830 0.459246
-0.060558 -0.943321
-0.612205 -0.786193
0.276804 -0.744280
-0.107847 -0.588020
-0.166342 0.799190
-0.442849 0.250028
0.381861 0.310816
0.399085 0.600125
-0.642306 -0.682177
-0.632436 0.037901
-0.137251 -0.380208
0.717243 -0.027322
0.904950 -0.692377
-0.123570 0.767159
0.551058 -0.341663
-0.814914 -0.000752
-0.000180 -0.697670
0.060318 -0.189605
-0.883653 0.950245
-0.360259 -0.193789
0.784672 -0.946365
0.315877 0.165648
-0.490115 -0.240692
0.323995 0.009074
0.113720 -0.222416
-0.977977 0.441108
-0.597982 0.493559
-0.280196 0.525728
-0.266155 0.411494
0.913872 -0.578909
-0.013408 0.585967
-0.892049 0.138302
-0.306759 0.095020
0.031232 0.701958
-0.378863 -0.456049
-0.564097 -0.697922
-0.696140 -0.109245
0.514665 0.324590
-0.354193 0.908037
-0.861083 0.114712
-0.296392 -0.062552
-0.718042 -0.678362
-0.140887 -0.212860
0.664788 -0.921691
-0.125385 0.099967
-0.705425 -0.601337
0.271699 -0.849145
-0.266506 -0.288837
0.902286 0.791041
0.425574 -0.369287
-0.885039 0.183683
0.097466 0.817749
-0.731338 0.906506
0.887892 0.262144
-0.437663 0.450706
0.942109 -0.122860
-0.512516 -0.477000
0.913989 0.064828
0.815935 0.340196
-0.102595 0.955957
-0.366155 0.213836
-0.113373 0.134313
-0.555646 0.760651
-0.605603 -0.623314
-0.026720 -0.546591
0.719314 -0.394860
0.118156 -0.665485
0.469988 0.999638
-0.381096 0.883570
-0.669332 -0.359851
0.293326 -0.808831
0.384408 0.421828
-0.509815 -0.174034
0.133510 0.932065
-0.123779 -0.991781
-0.154588 -0.316369
0.396763 0.062426
0.517171 -0.337317
-0.764452 -0.151600
-0.458870 0.101767
0.964574 -0.042614
0.737432 0.595075
-0.749855 0.253254
-0.243978 -0.985070
0.596610 -0.566645
-0.727238 -0.952544
0.233496 -0.541886
-0.229105 0.622297
0.123775 -0.193548
0.675997 -0.708403
0.401732 0.339215
0.617025 0.959711
0.904616 -0.208176
0.555907 0.186664
0.110948 -0.877788
0.014817 -0.257751
-0.117114 -0.963782
0.653165 0.057218
0.891444 0.952138
-0.229930 0.388098
-0.736784 0.391584
-0.140180 0.845292
0.180032 -0.202310
-0.134090 -0.631321
0.968054 -0.566901
-0.069792 -0.096418
-0.867566 0.485165
0.864659 -0.952227
-0.602672 0.527807
0.342044 -0.334933
-0.503682 -0.210132
0.180679 -0.122811
0.978993 -0.959920
-0.876683 0.058160
0.711549 0.735851
-0.021656 -0.698946
0.740873 0.499674
0.860490 0.438828
-0.805979 -0.839658
0.644853 -0.792341
0.507092 0.553575
-0.759802 -0.712473
0.927604 0.603741
0.132630 0.919258
0.226802 0.227429
-0.658525 -0.966124
0.638720 -0.132208
-0.275753 0.482915
-0.482080 0.520788
0.303923 -0.137343
0.438157 -0.229865
-0.656654 -0.886062
-0.115015 -0.046872
-0.107296 0.180752
0.307420 -0.296991
0.367216 -0.896891
-0.883262 0.637704
0.761725 0.345593
-0.980741 -0.995797
0.623748 0.854074
-0.910041 0.485360
-0.251771 0.987405
-0.552472 -0.278518
0.463812 0.132421
0.044792 -0.953845
-0.522136 0.198589
0.084520 0.603431
0.534497 -0.993656
-0.362944 -0.403209
0.400792 0.867937
-0.230169 0.815804
0.847690 0.165697
0.977398 -0.785818
0.827139 0.787752
-0.539690 0.857067
0.845629 -0.297047
0.729575 0.842111
-0.611086 0.263740
0.848363 -0.019584
0.668355 0.342288
0.332638 0.144021
-0.250803 -0.801941
-0.119882 -0.476055
-0.094582 0.805524
-0.986674 0.516423
0.818118 0.248909
-0.999983 0.659150
-0.971628 -0.260192
0.991832 0.951306
0.636932 -0.204661
-0.440816 0.162953
-0.422514 0.616410
0.664300 0.221011
-0.546539 0.106402
-0.671774 -0.627717
-0.657172 0.956442
-0.925460 -0.712086
-0.017562 0.637083
-0.702001 -0.153921
-0.965847 0.984382
0.770455 0.558127
0.767535 0.390336
-0.130085 0.650981
-0.610164 0.349336
0.097581 0.856063
0.662698 0.225366
-0.357711 -0.193803
-0.353496 0.333611
0.862130 0.290573
0.054887 -0.292116
0.725980 -0.919491
-0.377653 -0.737451
-0.256284 -0.032184
-0.419599 -0.170436
-0.049444 0.196640
-0.276127 -0.822247
-0.077143 -0.734589
0.651281 -0.900596
-0.227797 -0.955135
0.444097 0.748668
0.242733 -0.532179
0.982076 0.781339
-0.744006 0.347421
0.303148 0.703068
-0.771238 0.230079
-0.020094 -0.148218
0.605712 0.084734
0.302625 -0.459901
0.734786 -0.395532
-0.608683 -0.228593
-0.077827 -0.232215
0.584531 -0.590847
0.030963 -0.232117
0.436652 -0.522770
0.157838 -0.476422
-0.985710 -0.946512
-0.752442 0.046995
-0.988844 -0.822505
0.230640 0.768116
0.877072 -0.501699
-0.876577 -0.498648
0.806374 0.735114
0.993042 0.802122
-0.697092 0.263169
0.530142 -0.786541
0.733345 -0.931809
-0.477824 -0.635430
0.258869 -0.866083
0.861753 -0.655351
0.693766 -0.078630
-0.502820 0.495024
0.725687 0.064754
-0.271334 -0.537691
0.317283 -0.425547
0.846023 0.275766
-0.936542 0.548391
-0.369099 -0.848123
0.381128 0.117102
0.267315 0.578559
-0.965109 -0.971807
-0.315100 -0.762399
0.584342 -0.134449
0.382396 0.640601
0.585868 0.997310
0.945022 0.640616
0.091201 -0.642824
0.590084 0.083775
0.758233 0.185845
-0.263670 0.096219
-0.682565 -0.918299
0.010035 0.255464
-0.356236 -0.402850
-0.091953 0.682599
-0.902437 -0.518164
-0.140189 -0.978257
-0.859695 -0.275051
-0.718657 -0.250477
-0.548075 0.431244
-0.854035 0.689851
-0.686295 -0.053593
-0.777301 -0.103373
-0.884710 -0.415290
0.852989 -0.919161
0.894765 0.024541
0.133301 0.570761
0.357836 -0.356277
0.823481 0.738700
0.780250 -0.436084
0.804659 -0.132034
-0.968472 0.750347
0.505349 -0.062434
0.398810 -0.093977
0.736227 0.836359
0.299248 0.293646
0.490407 0.057292
0.330516 -0.914639
-0.569913 0.274188
-0.544229 -0.093962
0.739683 0.254635
-0.634828 -0.667697
-0.744076 -0.313723
-0.649871 0.970074
0.259734 -0.157774
-0.289821 0.992675
-0.403830 -0.009589
0.821172 -0.417764
0.179680 -0.730948
-0.537404 -0.261795
0.053770 0.838427
-0.726196 0.524373
0.438435 0.222511
0.820328 -0.065459
0.616228 -0.705872
-0.353163 0.070639
0.883121 0.917224
0.198237 0.685237
-0.697894 -0.793982
-0.180002 0.244059
0.087454 -0.246959
0.158562 -0.516149
0.324531 -0.903443
0.880661 -0.975326
0.967469 0.557522
-0.941058 0.140500
0.802874 -0.687343
-0.284288 -0.866425
0.429952 0.719349
-0.598976 -0.605983
0.248534 -0.537778
0.853328 -0.853107
-0.772853 -0.550555
0.863278 0.536280
0.002947 0.540577
-0.096572 0.259132
0.006173 -0.414909
0.169780 -0.550472
-0.340105 -0.868626
-0.990893 0.100028
0.721280 0.775411
0.308669 -0.642022
-0.844046 0.050660
-0.314124 0.067953
-0.106296 -0.658427
-0.583380 -0.632851
0.360232 0.598283
0.234925 -0.797558
0.149644 0.480403
-0.194967 -0.046371
0.904565 0.996278
0.657164 -0.934319
0.334890 -0.550523
-0.037745 -0.062353
-0.490138 0.703960
0.213270 -0.240327
-0.602469 -0.526269
-0.846520 0.018737
-0.320034 -0.746026
0.960789 -0.804506
-0.983159 0.307070
0.590490 0.834360
-0.629903 -0.814855
-0.502632 -0.740506
0.682670 -0.964932
-0.934938 0.946055
-0.771155 -0.681183
-0.759973 -0.198105
0.327710 0.990114
0.169958 -0.573001
0.733460 -0.371684
0.760775 0.219814
0.887172 -0.217393
-0.122481 0.825069
-0.043967 0.368422
0.897034 0.394173
-0.279272 -0.021533
0.654798 -0.659762
0.322992 0.417515
-0.925424 0.086053
0.928269 -0.380461
-0.031303 -0.139008
-0.117856 -0.630195
0.006226 -0.272499
0.959948 0.608637
0.622948 0.224504
-0.670959 0.567065
0.542131 0.291881
-0.952407 0.484279
-0.026808 0.420786
0.481358 0.046305
-0.998483 0.854662
-0.339574 -0.405057
0.368797 -0.961662
-0.640001 0.063624
-0.193665 0.106066
-0.451932 0.550387
0.378459 -0.710130
-0.212023 0.671951
0.800097 -0.633099
-0.155464 -0.583330
-0.479633 0.357125
0.689104 -0.543386
0.991020 -0.963029
-0.591223 0.631124
0.827188 0.829786
0.852435 -0.081000
0.103497 -0.933033
0.480597 0.314930
0.631001 0.732127
-0.049875 0.649895
-0.446699 0.644327
0.975213 0.600120
0.022760 0.045130
-0.826026 0.793426
-0.849559 0.437885
-0.949957 -0.400897
-0.125817 -0.724795
0.056318 0.827377
0.515859 0.954844
-0.139234 0.498625
-0.291224 0.796544
0.331622 0.828957
0.401131 0.075348
-0.099947 0.362226
0.744713 -0.685719
-0.606196 -0.157898
-0.558483 0.744932
0.452143 -0.739685
-0.917164 0.660775
0.092753 -0.404695
-0.437552 -0.402742
0.003432 0.199374
0.123810 -0.941823
-0.503009 0.500586
0.634383 -0.015919
-0.153393 -0.595463
-0.024007 0.845833
0.319727 -0.822014
-0.067635 -0.696423
-0.973353 -0.401242
-0.518832 -0.252912
-0.164322 0.305028
-0.755795 -0.416975
0.530901 0.958279
0.028190 -0.273003
-0.130209 -0.748145
0.863466 0.335971
-0.705702 0.571881
0.995436 -0.963326
0.280868 0.213918
-0.842247 -0.393873
-0.037833 0.979746
0.218436 0.584845
0.693308 0.664167
0.187316 -0.743776
0.039162 0.686350
-0.505240 -0.804105
0.957688 -0.833679
0.570505 0.044969
0.367390 -0.451459
-0.333312 -0.446883
0.861795 0.436566
-0.685908 0.812012
0.538128 -0.056918
0.947334 -0.297646
0.707025 -0.553729
0.319158 0.046526
-0.866762 -0.086282
0.816756 0.019152
-0.162238 -0.000817
-0.806746 0.842452
-0.158154 0.225398
0.580480 0.737370
0.544381 -0.181504
0.848059 0.395927
-0.466455 0.701031
0.183496 -0.847098
-0.390025 0.188483
0.847635 -0.224755
-0.887719 0.037939
-0.521005 -0.816352
-0.051799 0.533368
-0.292167 0.431276
0.902259 -0.389167
0.962426 0.685696
0.799487 0.278348
-0.155952 0.963537
-0.228221 -0.521166
0.863521 -0.734929
-0.331062 -0.676241
-0.507427 0.272226
0.086057 -0.686179
-0.841945 0.187062
-0.344735 0.595242
-0.058226 -0.966198
-0.330933 0.247302
0.777771 -0.600363
-0.882275 0.719570
-0.022092 0.941729
-0.946025 0.431816
0.935398 0.361291
-0.661655 0.673691
-0.276997 -0.688960
0.796734 -0.299786
0.385331 -0.328517
0.210851 -0.766653
0.294948 -0.907594
-0.728456 0.204250
0.266233 -0.878768
0.416851 -0.863727
-0.760981 -0.787923
0.953956 0.279779
-0.623900 0.293584
-0.925977 0.625090
0.056118 0.972299
-0.345762 -0.109735
-0.714238 -0.423827
-0.732790 0.418443
-0.834076 0.192848
0.601604 0.288160
-0.796328 -0.931256
0.238484 -0.719571
-0.264042 0.441247
-0.597874 0.557960
-0.710920 -0.243547
0.223313 0.449374
0.751862 -0.026462
0.737168 -0.220406
-0.274683 -0.943848
-0.510142 0.222589
-0.825158 -0.617137
0.706078 0.296442
-0.719193 0.165115
-0.885846 0.510468
0.197879 0.287559
0.024483 0.197233
0.234111 -0.836516
-0.355224 -0.512940
0.904317 -0.967196
-0.582951 0.158244
-0.523524 0.686900
0.981233 0.142114
0.996709 0.790289
0.663085 -0.130840
-0.806606 -0.460312
0.188508 -0.340479
0.835213 0.698939
0.748514 0.081695
-0.327809 -0.771586
0.008195 -0.006513
-0.030638 -0.185634
-0.732233 0.665693
-0.146345 0.272643
-0.241518 -0.706505
0.402634 -0.800531
0.640205 -0.925699
-0.516644 0.839576
-0.699012 -0.253651
0.030605 0.053780
0.776265 0.342804
-0.454138 0.498150
-0.717721 0.277349
-0.942661 0.194984
0.552052 -0.176849
-0.297756 0.333868
0.358800 0.648601
-0.070855 0.816182
0.031408 0.460914
-0.589566 0.083473
0.006106 0.488633
-0.320393 0.672256
0.697704 -0.672439
0.098552 -0.382222
-0.306611 0.419337
0.271900 -0.413335
0.076113 0.409513
-0.931755 0.448608
0.627702 -0.490256
-0.728586 0.494144
0.696602 0.948363
-0.454748 0.963724
-0.824597 0.686784
0.385107 -0.260468
-0.642239 0.486592
-0.461953 -0.747035
0.299295 -0.144488
0.649613 0.829268
-0.459200 0.979425
0.790076 0.416843
0.599140 0.452513
0.162305 0.302359
0.275697 0.373296
0.803892 -0.842624
0.638696 0.238954
0.115916 -0.516533
-0.701565 -0.321464
-0.161015 0.757076
0.070858 0.065591
-0.772127 -0.303869
-0.029252 0.407429
-0.766768 -0.961116
0.471835 -0.185813
-0.903946 -0.090982
0.799330 -0.344989
0.968149 0.511612
-0.258079 -0.315952
-0.160923 -0.427285
0.445625 0.948405
0.052424 -0.436369
-0.045755 0.350418
0.397363 0.117509
-0.014026 0.720997
0.852714 0.080963
-0.118345 0.534138
0.289555 0.887594
0.169996 0.370678
0.411486 0.091006
-0.908711 0.775617
0.398939 -0.803526
0.155916 -0.660428
-0.677890 -0.851625
0.591896 -0.002282
0.935748 -0.214429
0.311341 0.158974
0.268534 0.228110
0.911310 0.096299
0.546699 -0.261489
-0.409665 -0.261954
-0.468983 -0.648900
-0.772607 0.753413
-0.306508 0.731385
-0.979207 -0.623458
0.609009 0.880030
0.378220 0.667644
-0.926755 0.602411
-0.637274 -0.388379
-0.731779 0.653748
-0.019146 -0.228811
0.298962 -0.244003
0.550941 -0.952207
-0.993050 -0.232671
0.688238 -0.938393
-0.082701 0.577558
0.516353 0.882208
-0.661440 -0.125844
-0.734526 -0.112015
0.292067 0.767118
0.851726 -0.685870
-0.483485 0.175689
-0.726623 -0.859115
0.965605 -0.625795
-0.968976 -0.122719
-0.478744 0.601110
-0.090636 0.421922
-0.111364 0.511405
-0.378223 0.881903
-0.602654 0.743486
-0.745683 -0.921623
-0.331497 0.062145
-0.046271 -0.511900
0.434351 -0.595246
0.352601 -0.975976
-0.448912 0.228022
0.700210 0.887720
-0.869965 0.033611
0.155583 -0.342012
-0.656631 0.470412
0.255446 -0.264616
-0.079951 -0.006410
-0.366520 -0.645851
0.768886 -0.643024
-0.178376 0.262468
0.974407 0.379046
-0.089567 -0.556789
0.030009 -0.452831
-0.194447 -0.544593
-0.683256 -0.888606
0.680447 0.161171
-0.910862 0.359513
-0.440646 -0.125760
0.891590 0.355869
0.923630 -0.533846
-0.678741 0.953781
0.993018 0.683001
0.057088 0.673732
-0.014025 0.178324
-0.283325 -0.445136
0.203402 0.961852
0.099140 0.969285
-0.481747 0.598446
-0.101668 -0.080805
0.691575 0.766160
-0.248362 0.515211
0.490278 -0.832299
-0.455605 -0.432418
-0.744342 0.472460
-0.221964 0.004335
-0.206532 0.110658
-0.290530 0.062070
0.566100 0.041073
0.961097 0.080146
-0.640857 0.962654
-0.771199 0.427721
-0.749011 -0.792344
-0.958516 0.944649
0.248107 0.398178
-0.855665 0.337775
0.557951 -0.021079
0.609737 -0.127545
0.458538 0.344057
0.634486 -0.249776
0.509672 -0.090916
0.467103 0.608697
-0.671102 -0.484136
0.414839 0.543658
-0.207642 -0.547680
-0.309598 0.484560
-0.448671 0.929136
0.160321 -0.409084
-0.253337 0.608701
-0.988885 -0.682986
0.146991 0.342945
-0.745630 -0.739108
-0.862118 -0.642703
-0.977757 -0.564864
0.230672 -0.199276
0.174802 0.871553
0.450186 -0.698779
0.135266 -0.182704
-0.404688 0.391214
0.243531 -0.861279
-0.509207 -0.371294
-0.423829 0.850069
-0.232386 -0.485741
0.941868 -0.786495
-0.282885 -0.201127
0.843294 -0.810022
-0.791203 -0.303635
0.864933 0.102072
0.676790 -0.959349
0.547798 -0.714638
-0.487020 0.701789
-0.800904 -0.813099
-0.961710 0.940978
0.239161 0.066500
-0.320864 0.281376
0.960946 -0.831467
0.415958 0.311578
0.916191 0.190677
0.058327 0.679626
-0.811186 0.380555
0.603566 -0.383594
-0.116512 -0.507714
0.279366 -0.888769
-0.100084 -0.908861
0.616128 0.840647
-0.794554 0.365001
-0.973418 0.152533
-0.613293 -0.367442
-0.862217 0.598032
-0.365153 -0.105347
0.027944 -0.666705
0.930918 0.068853
0.933944 0.430911
-0.126141 0.667409
-0.697831 0.424866
-0.601596 -0.179179
-0.983034 0.670482
0.253201 -0.908924
0.764404 -0.496672
-0.596886 -0.850103
0.100872 0.042300
-0.204414 0.280422
0.028411 -0.804519
-0.249752 -0.187364
-0.914577 0.271788
0.431421 -0.522773
0.640462 0.608077
0.117553 -0.785679
-0.103054 0.494075
0.751908 -0.098709
0.298520 0.391956
0.823478 -0.042868
0.304699 -0.800644
0.621935 -0.485973
-0.169355 0.559125
0.683625 -0.983453
-0.992759 -0.417833
0.966740 -0.238927
0.384801 -0.286138
0.423028 0.173002
-0.243373 -0.742816
-0.954389 0.071937
-0.511622 -0.106447
0.741520 0.365592
0.346144 -0.450472
-0.770266 0.638254
0.116022 0.845906
-0.164323 -0.298246
-0.921493 0.820066
-0.277241 -0.705081
0.141387 -0.534056
-0.785096 -0.659789
-0.236293 0.029562
0.930144 0.999060
-0.471746 -0.433577
-0.547309 0.930313
0.424791 -0.001604
-0.745274 0.685578
-0.553299 -0.463071
0.229811 -0.729680
-0.786779 -0.601098
-0.377901 -0.571000
-0.265652 -0.096291
-0.905033 0.050040
-0.617864 -0.009368
0.118916 0.464253
-0.617415 0.444766
0.094967 0.985919
0.648212 -0.812277
-0.992804 0.663654
-0.039726 0.295801
0.415191 -0.993130
0.805358 -0.159775
0.999092 -0.419540
-0.882965 0.742616
-0.674953 0.358221
-0.288907 -0.443124
0.683469 -0.763534
0.266120 0.064635
0.709154 -0.147639
0.515317 0.519704
-0.033131 -0.636264
0.498118 -0.561057
-0.911652 0.179475
-0.624406 0.164383
-0.349933 -0.336179
0.327444 -0.576111
0.939926 -0.635447
-0.717859 0.665143
-0.139128 0.600333
-0.258481 0.604841
-0.770084 -0.150684
-0.501652 0.121446
-0.701640 -0.355610
-0.754105 0.727305
0.299023 -0.177444
0.712384 0.779138
0.694626 0.234278
0.512634 -0.646109
0.114288 0.567807
-0.461604 -0.559604
0.365038 -0.319269
0.052150 0.267752
0.868386 0.480601
-0.653027 0.121436
0.426206 -0.956082
-0.932981 -0.371276
0.517982 -0.935435
-0.504183 0.718542
0.288267 0.883658
0.225602 -0.804195
-0.885552 0.420092
0.450725 0.315470
0.879719 -0.972752
0.375767 -0.177787
-0.678238 -0.379312
0.020107 -0.060557
-0.571092 -0.746870
-0.223172 -0.890348
-0.587309 0.638251
0.657051 -0.921689
-0.793138 0.835359
-0.762074 0.577681
0.075751 0.258575
0.817536 -0.216073
-0.371224 0.599870
-0.507607 -0.209081
-0.046280 -0.213929
0.878684 -0.785599
-0.662129 0.042265
0.357074 0.166564
0.010607 -0.920325
-0.207080 -0.969909
-0.047941 -0.466816
0.523388 0.414485
-0.890347 -0.219267
0.937168 -0.127929
0.420129 0.826331
0.490064 0.267835
-0.890536 -0.152826
-0.836224 -0.169961
0.251004 0.167730
0.964143 -0.184667
0.237779 0.903462
0.897694 0.002658
-0.141670 0.747953
0.953895 -0.838919
-0.683970 0.492412
-0.218588 0.825723
-0.481680 0.137020
-0.817914 -0.193769
0.370234 -0.029125
0.013747 0.300125
0.819368 0.334204
-0.216258 -0.446615
-0.178954 0.872524
0.643747 0.514411
-0.710037 0.987684
-0.364261 0.472268
-0.201554 -0.767074
-0.186446 0.110386
0.767137 0.280751
-0.475151 -0.839942
-0.779816 0.670507
-0.847895 0.655110
-0.515137 0.471967
-0.428750 0.418681
0.720474 0.481601
-0.645730 0.878446
-0.935553 0.450195
0.564582 0.792126
0.737486 -0.634435
-0.217610 -0.589307
0.695090 0.300474
-0.620064 0.411199
0.435138 0.201322
-0.225899 0.837511
0.907450 -0.853618
-0.819317 0.050740
-0.473189 0.083115
-0.322729 -0.668896
0.535882 -0.347364
-0.546001 0.172130
-0.184374 0.878430
-0.346352 0.465359
0.127094 -0.532330
-0.938488 -0.920169
0.317184 -0.467663
0.989363 0.606885
-0.606489 -0.272631
0.646852 -0.802614
-0.508926 -0.218338
-0.984340 -0.702871
0.213542 -0.485163
-0.512549 -0.319706
0.099054 0.305285
0.380878 0.371000
0.104322 0.398514
-0.951716 -0.564025
-0.812632 -0.201896
-0.809870 -0.412428
0.583138 -0.910242
0.248849 -0.048477
-0.374630 0.959275
-0.651650 0.442152
0.156286 0.714970
-0.178763 -0.953452
0.557043 -0.470200
0.053058 -0.489884
0.740031 0.233639
-0.245338 -0.782263
-0.200224 -0.190701
0.945788 0.135639
-0.107269 0.794481
-0.228452 0.620844
0.058521 0.275506
0.049220 -0.165869
0.673390 0.553177
-0.589801 0.356995
0.496749 -0.968202
0.617655 0.279334
-0.562711 -0.942745
-0.578415 -0.869396
-0.329595 0.319644
0.855572 -0.224416
0.844814 0.987691
0.471885 -0.520949
-0.031583 0.976441
0.847685 0.434401
-0.681649 -0.714881
-0.072771 0.858504
0.582946 -0.815492
-0.928535 -0.763359
0.115654 0.507021
0.707846 0.903614
-0.662300 0.478801
-0.939955 -0.306381
0.126900 0.451742
0.484325 -0.213057
-0.510543 0.105760
-0.000275 -0.129603
0.565187 -0.604425
-0.969323 -0.038160
-0.357666 -0.512759
-0.950234 0.020657
-0.853393 0.355551
-0.641969 0.973081
0.139332 -0.120134
0.869448 -0.794743
-0.725700 0.515118
-0.797852 -0.085945
-0.503134 0.852081
-0.556955 0.776051
-0.445884 0.328235
0.066627 -0.274201
0.358785 -0.454726
-0.234848 -0.243373
-0.668029 0.908293
0.483714 0.286335
0.933057 -0.038339
-0.292608 0.949264
0.361526 -0.480557
-0.985969 0.767608
-0.066402 -0.640267
-0.934359 0.554146
0.063926 -0.723560
0.592141 -0.152818
-0.634644 0.781587
-0.282475 0.831489
-0.029315 -0.064908
0.409354 -0.289255
-0.177141 -0.102357
0.971863 -0.472378
-0.003194 -0.247716
0.239347 -0.007927
0.987971 -0.383958
-0.716475 0.290239
-0.076744 0.547321
-0.822619 0.675779
0.802349 0.517268
-0.786273 0.483564
0.048846 0.487774
0.653330 -0.807556
-0.726461 0.242551
-0.013257 -0.383946
0.917919 -0.719309
0.363490 -0.554957
-0.358850 0.858079
-0.197979 0.341087
0.409519 0.665833
-0.597938 0.123441
-0.171647 0.924883
-0.196256 0.273817
0.690387 0.416422
-0.265032 0.542970
0.596653 -0.608100
-0.945114 0.320031
0.823140 0.578729
0.149920 -0.536485
0.352473 0.611214
-0.396124 -0.779066
0.052787 -0.515189
-0.248621 0.205866
0.242575 0.960626
0.879620 0.726051
0.715514 -0.656194
-0.828324 0.056528
-0.481959 -0.718934
-0.023488 0.517039
-0.572936 -0.172469
0.809972 -0.732991
-0.917711 -0.848156
0.101307 0.861659
-0.632962 -0.345867
-0.623120 -0.515197
-0.621099 0.394517
0.467486 0.593727
-0.561568 0.069934
0.508967 -0.612506
-0.138060 -0.364586
-0.277629 0.072700
0.219912 0.028371
0.981278 0.707245
-0.622679 0.189058
0.332221 0.602512
-0.479734 -0.452215
-0.216220 0.760897
-0.238031 0.614772
-0.635670 -0.353319
-0.120197 0.071176
-0.011592 0.343260
0.648457 -0.713160
0.042981 -0.701609
-0.718914 -0.003057
0.840202 0.696140
0.728113 0.487734
0.937077 -0.824411
0.593060 -0.303599
0.322854 0.024802
0.304791 0.180815
-0.694191 -0.900149
0.088831 0.191849
-0.333317 0.539859
0.954850 0.557036
0.318292 -0.515922
-0.084517 -0.644874
-0.814237 -0.122018
0.524994 0.776076
0.079101 0.644501
0.623943 0.011129
-0.299744 -0.070157
-0.562677 -0.361766
-0.521690 0.770027
0.096502 -0.541748
-0.396689 0.792389
-0.601179 0.031394
-0.518518 0.358980
-0.755576 0.516062
0.013778 -0.533841
0.380340 -0.507832
0.796441 -0.408588
-0.089008 -0.251770
-0.647716 -0.159695
-0.460350 0.365941
0.496019 0.174671
-0.620087 0.372005
-0.666124 -0.480140
-0.066744 0.955878
-0.784033 0.061682
-0.038785 -0.932664
-0.700015 -0.868487
0.943325 -0.772850
-0.403172 -0.564454
0.682277 0.015239
-0.151497 -0.929986
-0.545597 -0.113037
0.381158 0.205744
-0.346526 -0.638190
-0.524701 -0.236697
-0.290926 -0.699830
0.238072 0.091180
-0.996087 0.329559
-0.728475 -0.060372
0.828507 0.742724
0.955936 0.948782
0.348938 0.861867
0.944516 -0.686453
-0.919712 -0.011101
0.397850 0.166174
-0.937029 0.201693
-0.717049 -0.741635
0.335329 -0.320004
-0.777183 0.897957
0.589492 0.984866
-0.406665 0.891075
0.397382 -0.985433
-0.864482 -0.734412
-0.076554 -0.589956
-0.239752 -0.460825
-0.678828 0.586900
0.246014 -0.838025
-0.916983 0.143832
0.703142 -0.755160
-0.416836 0.394514
0.581429 0.996134
-0.656419 0.529988
-0.475196 -0.681882
-0.432227 0.076615
-0.428513 0.458982
0.441405 -0.631469
-0.143026 -0.885348
0.696469 0.636045
-0.868319 -0.217559
-0.665402 -0.601531
0.450436 0.811096
0.995303 0.889849
0.883741 0.793315
-0.463501 0.382707
-0.346868 -0.067884
0.168442 -0.023677
0.390925 -0.208754
0.212023 0.521620
0.709611 0.332782
0.225640 0.857321
0.620507 -0.953191
-0.747311 -0.973806
0.386844 0.667242
-0.498598 -0.402752
0.908531 -0.410984
-0.828405 -0.455331
-0.079005 -0.561137
-0.440765 0.128746
0.137697 0.738867
-0.389161 0.177146
0.505250 -0.270266
-0.549079 0.508639
-0.893862 -0.870048
0.347328 0.897810
-0.643799 -0.093722
-0.656078 0.308045
0.447476 0.175578
-0.607015 0.696700
0.937696 0.819864
0.268823 -0.346483
0.832182 0.451058
0.165303 0.746168
0.852556 -0.983647
-0.081445 -0.430299
-0.309393 -0.422858
-0.273113 0.792736
0.738741 0.540361
0.954304 0.526217
-0.295659 0.695281
-0.494386 -0.000400
-0.524008 0.940272
-0.478277 -0.873561
0.553206 -0.258198
0.011424 -0.376164
-0.451891 -0.267075
-0.616372 -0.153593
-0.838498 -0.241336
-0.825128 0.414738
-0.550980 -0.833630
-0.738647 -0.387185
0.063215 0.630228
-0.952061 0.129546
0.115607 -0.070903
0.864727 -0.986512
-0.657211 -0.760335
-0.139150 0.838619
0.099886 -0.621083
-0.895609 0.902856
-0.945178 0.540021
-0.729755 -0.986824
-0.341302 0.712813
-0.780487 -0.132689
0.252969 0.742898
-0.903688 0.845177
-0.440447 -0.039370
-0.561379 -0.565025
0.249744 0.450496
0.056872 0.600114
0.982133 0.587784
0.421109 0.391410
0.134431 0.432693
0.653674 0.024460
-0.448646 -0.490475
-0.123184 -0.196142
0.844400 0.175704
0.125343 0.218976
-0.646111 -0.358522
0.149280 -0.007773
0.188334 0.671119
0.441601 -0.036851
0.156538 0.906104
0.565902 -0.220106
0.712342 -0.480707
0.035120 0.840498
-0.809871 -0.337712
-0.165910 -0.524562
-0.393041 -0.763635
-0.386717 -0.678310
-0.958628 0.661149
-0.958869 -0.047704
-0.339746 -0.256698
0.980116 -0.611494
0.500535 -0.086081
0.281065 -0.873346
0.313877 -0.339867
-0.075239 -0.298166
-0.516386 -0.830986
-0.809263 -0.844298
-0.010678 0.538967
-0.334398 0.542319
0.481942 0.565204
-0.380040 -0.948042
-0.674434 -0.091531
0.672247 0.908561
0.823871 0.253476
0.740431 -0.927634
0.574974 -0.565132
-0.620440 -0.241994
0.109728 -0.807275
-0.110249 0.700322
0.130267 0.017887
-0.307788 -0.457472
-0.756560 0.452092
0.326613 -0.839811
-0.908943 -0.965320
-0.557613 -0.625290
0.788752 0.174982
0.974246 0.269880
0.498078 -0.936730
0.126360 0.426669
0.951799 -0.732512
-0.864866 -0.470212
0.769839 0.827444
0.714361 0.387882
0.791249 -0.492575
-0.031196 0.034111
-0.606848 0.212699
0.696305 0.934078
-0.841652 -0.747967
0.941551 -0.608521
-0.331184 -0.731504
0.530818 -0.605196
-0.676071 0.708114
0.029221 0.842378
0.534463 0.181098
-0.684658 -0.592874
0.996981 -0.124311
0.871379 0.121233
-0.666149 -0.746831
-0.067917 0.979901
-0.056261 -0.977840
-0.863770 -0.968266
-0.173478 -0.496610
-0.612985 -0.639347
-0.082993 0.797650
-0.207753 0.290250
-0.341892 0.905796
0.861745 0.296322
0.832511 -0.087510
0.381656 0.879254
0.252299 -0.582269
0.070382 -0.526481
-0.631105 0.293229
-0.978935 0.108388
-0.295624 -0.988661
-0.042999 -0.317417
-0.581947 0.383263
-0.135060 0.089517
-0.937819 0.723479
-0.869550 -0.427730
-0.008330 0.492082
0.073363 0.095963
-0.534501 -0.478932
-0.713089 0.066500
0.553425 0.045983
-0.689118 0.825101
-0.287209 -0.746971
-0.713920 -0.193758
0.716607 -0.138220
-0.003554 0.285657
-0.457654 0.850227
0.634481 -0.389452
-0.512342 -0.975496
0.936025 0.047520
-0.992264 -0.200750
0.849287 0.495812
-0.436297 0.219559
-0.027691 0.030814
-0.725322 0.827237
-0.840796 0.025973
-0.784622 0.000576
0.801703 0.204356
-0.577281 -0.371411
0.499630 0.480026
0.483999 -0.989330
0.841770 0.457873
0.686211 -0.180749
-0.212450 -0.859568
-0.930465 0.855232
0.119180 0.949954
-0.208774 -0.602537
0.213263 0.587373
-0.610018 0.099124
-0.560011 0.320094
0.819377 0.781996
-0.899730 -0.860729
-0.721314 -0.767615
-0.737840 0.493774
-0.370236 -0.157046
0.557616 -0.239437
-0.839907 -0.275529
-0.007320 0.991664
0.621549 -0.804133
-0.380628 0.644561
-0.792391 0.938107
0.449964 0.116078
-0.525070 0.785622
-0.106165 0.475106
0.049741 -0.632054
0.690634 -0.218792
-0.749971 0.863096
0.697369 0.436574
0.405983 -0.454896
-0.760022 0.616001
0.715932 0.034081
0.400370 0.408349
0.425076 0.501636
0.309369 -0.914752
-0.411351 -0.678742
0.416042 0.011299
-0.867086 -0.911983
-0.096544 -0.677489
-0.315636 0.853603
0.692669 -0.093559
-0.618112 -0.459964
0.815702 -0.793144
0.419780 0.697759
0.538209 -0.940468
-0.171974 -0.689373
0.881474 0.668321
0.985389 -0.483306
0.391152 0.065317
0.338219 -0.846775
0.908366 0.662835
-0.222542 0.017373
0.901816 0.451854
0.754429 -0.874727
-0.551843 0.445072
0.977297 0.954891
0.530202 -0.632471
0.560462 -0.883464
-0.963231 0.647177
-0.962085 -0.564559
-0.944455 0.402210
-0.923689 -0.412019
-0.172062 -0.740057
-0.132066 -0.073627
0.533998 -0.809407
0.208041 0.651044
-0.256471 0.185117
-0.514153 0.030393
0.014502 0.976879
0.252803 0.250694
0.272604 -0.466092
-0.659279 0.008648
0.727760 -0.566520
0.228800 0.553903
-0.822742 -0.404906
0.904608 0.560005
0.876936 0.188153
0.645322 0.256943
-0.209761 -0.487041
0.248945 -0.684678
-0.028860 -0.560631
0.227130 -0.200924
-0.964572 0.978995
0.864899 -0.094446
0.606982 -0.895012
0.768826 -0.231665
-0.141092 -0.784752
0.476766 0.653111
-0.813980 0.552329
0.314688 0.376994
0.070496 0.075967
0.342488 -0.049310
-0.363550 -0.667716
0.835114 0.721874
0.868867 -0.810547
-0.042459 0.660990
0.995786 -0.834394
0.015741 0.333435
0.759774 -0.907667
0.104719 -0.218410
0.241593 -0.378987
-0.144450 -0.434808
0.774698 -0.222911
0.980763 -0.989787
0.059625 0.625255
-0.170354 -0.316084
-0.903379 -0.080763
-0.117251 0.802749
-0.760249 -0.948550
0.902273 0.509126
-0.920687 0.137333
0.477413 0.475413
-0.777320 0.583335
0.044552 0.253245
-0.594393 0.171361
-0.150307 -0.231255
-0.877682 0.474754
-0.991435 0.483655
0.653157 -0.880456
-0.966892 0.359631
0.839890 -0.563876
0.513003 -0.779703
-0.825157 0.741410
-0.862654 0.197614
-0.393855 0.794950
0.746356 -0.578584
0.868348 -0.939358
0.762733 -0.837630
-0.704771 -0.313585
-0.773469 0.983623
0.617609 -0.565531
0.260049 -0.013667
-0.972362 -0.948037
-0.113813 -0.793552
-0.115608 0.316519
-0.166681 0.322198
-0.437797 0.935110
-0.177442 -0.340544
-0.041161 -0.121674
0.599305 0.504957
0.738195 0.848895
-0.326115 0.938983
0.539737 0.102123
0.977329 -0.523340
0.258408 -0.616152
0.237716 -0.635940
0.114535 -0.697772
-0.268600 0.614516
0.999638 0.894286
0.292518 0.185993
0.212329 -0.691539
0.004536 -0.546098
-0.298192 -0.621688
0.201508 -0.110248
0.423461 0.159365
0.593035 -0.732630
-0.273876 0.135073
-0.075388 -0.746919
0.839667 0.043902
-0.219494 0.918422
-0.314930 -0.577591
0.222629 -0.479833
-0.371715 0.524165
0.448509 -0.102082
-0.471690 0.978416
0.989068 0.811995
0.480040 0.140038
0.603006 0.831736
-0.691581 -0.247820
0.731486 0.350439
0.203769 0.822011
-0.407431 -0.368773
-0.769219 0.573925
-0.256182 -0.960773
-0.954800 -0.221214
-0.135598 0.194006
-0.273850 -0.824741
-0.389805 0.732556
-0.202088 -0.045492
-0.165679 -0.162384
-0.773426 -0.404270
-0.577792 -0.610878
-0.492777 -0.477376
0.874350 -0.938223
-0.919653 0.388721
0.506381 0.783260
-0.681821 -0.593290
0.521454 -0.556955
-0.609102 0.626656
-0.502260 -0.177862
0.716096 0.027852
-0.660180 -0.388221
-0.024400 0.449486
-0.854883 -0.151242
0.721157 -0.764814
-0.157163 0.088097
0.393642 -0.402147
-0.722773 -0.561106
0.712599 0.129146
0.737832 -0.112030
-0.726719 0.578310
0.339259 0.022588
0.998805 -0.562340
-0.954886 -0.585952
-0.300486 -0.878996
0.458048 0.334004
-0.458694 0.726311
0.266575 0.606656
-0.388813 0.432871
0.653216 0.923481
-0.858390 0.460034
0.094035 0.793027
0.952055 0.847672
-0.824882 -0.052377
0.760543 -0.751104
0.170404 0.044748
-0.812115 0.942060
0.417855 0.660270
0.221190 0.184330
-0.607336 -0.349298
-0.807659 0.090348
0.970658 0.500446
0.166899 -0.853371
0.172284 -0.014739
0.883293 0.454768
0.098773 0.083626
0.106577 -0.395279
0.726128 0.926088
0.080648 -0.136090
0.182094 0.061309
0.090529 -0.698534
-0.855427 -0.984378
-0.943272 -0.935974
-0.345933 -0.333802
0.101532 -0.375250
-0.409950 -0.413940
0.562582 -0.011998
0.443794 0.898197
0.988181 0.570629
0.127497 0.206548
0.992213 0.734310
0.855040 0.256654
0.232804 0.789465
-0.080157 -0.789738
-0.751358 0.287850
0.075542 0.120495
-0.102010 -0.661654
-0.960766 -0.535489
-0.014477 0.102425
0.948770 -0.877911
-0.838807 -0.054537
-0.565481 0.269505
-0.593502 0.098924
-0.634262 0.930953
0.078237 -0.868316
-0.412219 0.285000
0.414408 -0.821337
-0.906482 -0.042992
0.115487 0.901873
-0.246251 -0.989901
-0.785159 0.341369
0.461817 0.222187
-0.519029 -0.597385
-0.624575 -0.248711
0.608566 0.066299
-0.691886 -0.062114
-0.059571 -0.801220
-0.925781 -0.281005
-0.584545 -0.645790
-0.878782 0.599907
-0.880653 0.683878
-0.773616 -0.609105
-0.435415 0.092204
-0.787837 -0.268428
0.529683 0.910251
0.318201 -0.014902
0.295714 0.932919
-0.717005 -0.741917
-0.900959 0.835714
0.885991 0.842079
0.596752 -0.363905
-0.865330 -0.653663
-0.174610 -0.364742
-0.945907 0.358169
0.999013 0.617781
0.199178 -0.634834
0.691533 -0.599571
0.032477 -0.906818
0.307359 -0.504010
0.857454 -0.812409
0.644895 -0.359432
0.372214 0.644926
0.413643 -0.053955
0.902442 0.492162
0.966511 -0.191650
-0.677238 0.631192
-0.733260 0.421388
-0.843830 -0.262186
-0.745456 0.091102
-0.961540 0.216327
-0.718231 -0.648934
0.857985 -0.221053
0.532138 0.644056
0.319968 0.017650
0.347929 -0.039405
0.334419 -0.014960
-0.257980 0.957470
-0.455546 0.886581
0.790436 -0.834717
0.580356 -0.004777
0.022294 0.302831
-0.543770 0.203361
-0.308558 0.417119
-0.843362 -0.749720
-0.757875 -0.818180
0.052567 0.788048
-0.361842 -0.721585
0.371745 0.063542
0.222931 0.720078
-0.964865 0.874578
0.906955 0.778098
-0.799075 0.861755
0.359993 -0.660359
-0.393304 -0.824677
-0.900841 -0.595361
0.304603 -0.440144
0.265232 -0.761047
-0.667838 -0.575299
-0.919350 0.439269
-0.034229 -0.449003
-0.827123 0.461734
-0.075840 -0.370529
0.558981 -0.136000
-0.091702 0.288706
-0.926911 -0.414237
0.830530 -0.678036
0.762119 -0.058467
-0.765160 0.581387
-0.295217 0.368314
-0.318221 0.632494
-0.875293 0.705171
-0.315589 -0.164691
-0.695997 -0.574086
0.421207 -0.810151
0.233488 -0.690970
0.209844 -0.186478
0.740629 -0.451598
-0.988307 0.414739
0.424588 0.235989
-0.187646 0.293565
0.346342 -0.475661
-0.800179 -0.761195
-0.617790 -0.289347
-0.586823 -0.087588
-0.722006 0.487035
0.443480 -0.062319
0.380692 -0.788352
-0.905227 0.622651
0.816393 0.933904
0.247275 -0.885374
-0.495539 0.263193
0.564807 -0.396665
-0.701860 -0.894812
-0.109695 0.833269
-0.883061 0.366158
0.373086 0.125357
-0.061436 -0.324023
-0.332545 -0.445666
-0.262157 -0.278436
0.241773 0.955769
-0.801613 -0.063205
0.963696 -0.249236
-0.649075 -0.860813
0.726645 -0.721696
-0.481057 -0.205563
-0.702684 -0.167575
0.731833 -0.659769
-0.615054 0.770087
0.732406 0.503803
-0.596204 0.362334
-0.493569 0.020504
0.356012 0.955677
-0.149623 0.852517
-0.008843 0.283569
0.605599 0.434350
0.620151 -0.331644
-0.085152 -0.135141
0.954035 -0.536825
-0.334465 -0.202094
0.008067 -0.063167
-0.765702 -0.285428
0.289069 0.555627
0.468759 0.899532
-0.324296 0.471055
0.191817 -0.559991
-0.658644 -0.257905
0.381346 -0.139744
0.107710 0.751377
0.395784 0.339067
0.656936 0.100140
0.744618 0.027360
-0.336221 -0.490376
0.723425 0.410457
0.876414 0.815459
0.393525 -0.882319
0.530476 0.045238
-0.058402 -0.871994
0.379592 0.966526
-0.361507 0.524211
0.813811 0.769656
0.253338 -0.836414
0.704003 -0.735814
0.549117 -0.802272
0.298906 -0.366535
-0.875292 0.116030
0.018052 -0.217014
0.593800 -0.791685
0.374856 0.428273
0.028659 -0.996803
-0.920480 0.978084
-0.608796 0.890978
0.565922 0.593640
0.630465 -0.825687
-0.628520 -0.960457
0.416479 0.655036
-0.104498 -0.923880
0.127175 0.709864
0.117235 0.799486
-0.410101 0.621926
0.249697 0.909213
0.716583 -0.558698
0.991129 -0.208590
0.932143 -0.728188
-0.816369 0.405378
0.939863 0.494113
0.946645 -0.970141
-0.516070 0.202426
0.845514 0.936325
0.448615 0.278114
-0.253523 -0.983011
0.380527 -0.010844
0.658210 -0.860605
0.622095 -0.475573
-0.120151 -0.020159
-0.351788 0.722962
0.800493 -0.141682
0.173778 0.136266
-0.291337 0.566270
0.863844 -0.675703
-0.077623 -0.246496
0.127116 -0.532663
0.364466 -0.250390
-0.586857 -0.945970
0.179633 0.867536
-0.488682 0.505935
0.833741 0.340380
-0.271029 0.383190
-0.635132 0.557347
-0.695137 0.304421
-0.947855 -0.199964
0.000727 -0.733344
-0.633608 -0.230163
-0.968973 -0.896422
-0.324895 0.457440
-0.113874 -0.489201
0.462000 0.572130
-0.269596 -0.115728
-0.336764 0.381218
-0.524311 0.677124
0.132018 0.939321
0.046057 0.786234
-0.818214 0.284005
-0.289212 0.112361
0.473487 -0.880492
-0.275470 0.839381
-0.585221 0.181535
-0.612850 0.707314
0.757468 -0.529915
0.017564 0.515244
-0.156530 0.395567
0.678532 0.241625
0.437356 0.201308
0.616938 0.156100
0.908373 0.533787
0.709789 0.377017
0.488973 0.192195
0.198547 -0.482864
0.946069 0.785681
0.159101 -0.840482
0.399157 0.168280
0.513916 -0.203769
0.298470 0.526490
-0.327259 -0.804953
-0.587175 -0.718739
0.795243 0.824492
0.493622 -0.075320
0.445471 -0.073832
0.383668 0.168812
0.196206 0.811873
0.268904 0.826430
-0.180269 -0.529138
-0.847194 0.516498
-0.658029 -0.454791
0.256830 -0.899140
0.937501 -0.883709
0.892073 -0.392372
-0.710588 0.769945
-0.228580 0.316148
-0.526416 0.820221
0.777741 -0.827955
0.327957 0.613517
-0.683007 -0.749926
-0.170129 -0.994738
-0.301873 0.983729
0.898022 -0.563487
0.118471 -0.963645
-0.771799 -0.807371
-0.601411 -0.026805
-0.258664 -0.124830
0.585735 0.075362
0.265974 0.362342
0.766674 -0.194162
-0.319182 0.164510
0.360050 0.623880
-0.657895 0.771727
-0.676089 -0.168096
0.099310 0.200800
0.097930 0.408411
0.058641 0.156219
-0.079130 0.185710
0.548865 -0.499013
-0.148664 0.458260
-0.314781 -0.806327
0.782884 0.942422
-0.794116 -0.545730
-0.112707 0.897506
-0.813134 -0.748078
-0.563585 0.486838
0.187999 0.838886
0.050418 0.206917
-0.895396 0.252156
0.385101 -0.309684
-0.997020 0.443957
-0.629327 0.135385
0.590291 0.269807
-0.999443 -0.568529
0.843913 -0.037807
-0.847194 0.359298
0.276618 -0.996100
0.135278 -0.124753
-0.081450 0.579234
-0.028569 -0.441267
0.071485 -0.626736
-0.703945 -0.787498
0.561487 -0.403908
-0.479899 -0.097920
0.146075 -0.840601
0.679671 0.025310
-0.206251 0.972710
-0.608978 -0.774315
0.291645 -0.179910
-0.740076 0.261068
0.385041 0.243304
0.118139 0.266727
-0.561668 0.859426
0.889428 -0.732621
0.709297 0.613438
0.044225 0.730079
-0.202334 0.965537
0.289591 -0.503421
0.543362 0.168360
-0.469895 -0.806391
-0.489275 -0.692455
-0.543466 -0.405538
0.923595 0.642195
0.861189 0.961982
-0.468691 0.569143
-0.440626 0.473976
0.708350 -0.458486
-0.693643 -0.938823
-0.892319 -0.111170
0.874057 -0.468462
-0.033211 -0.702379
0.929000 -0.378609
-0.666114 0.559442
0.355921 -0.470706
-0.915653 -0.010825
-0.992910 0.597396
0.690109 0.934294
0.305413 0.853935
0.504163 0.723550
-0.605217 0.725937
0.005025 0.400226
0.018538 0.300901
0.768565 -0.476616
0.067498 0.197233
0.446679 0.954250
-0.650837 0.448082
-0.262039 -0.720864
-0.053455 -0.482616
-0.526398 -0.418372
-0.186986 0.351670
0.742670 0.084316
-0.152654 0.771305
-0.845618 -0.839135
-0.348024 -0.536442
0.422281 -0.417197
-0.368699 -0.971471
0.993773 0.166764
-0.478568 0.258599
-0.445119 -0.504831
-0.382576 -0.888612
-0.372701 -0.368026
0.970368 -0.224582
0.524847 -0.889933
-0.335478 0.411729
0.957857 0.046253
0.861562 -0.166423
0.282741 0.426170
-0.314673 -0.786487
-0.936228 -0.823638
-0.155288 -0.944217
-0.987550 0.900740
0.500942 0.957284
0.462695 -0.142748
-0.172611 0.898443
-0.175677 -0.063942
-0.356023 0.988104
-0.104946 0.342337
-0.032249 0.034175
0.645392 -0.636091
-0.738651 0.360177
0.443438 0.757959
-0.722414 -0.492656
-0.491858 -0.108562
-0.322738 0.034766
0.202896 0.629163
0.398260 0.109006
0.249660 0.355997
-0.157311 -0.285158
0.173902 -0.665946
-0.910769 -0.712249
-0.538452 -0.569764
0.356890 0.645211
0.602063 0.979228
0.183474 -0.233217
-0.620769 0.736446
-0.427224 0.064598
0.977206 0.099078
-0.327238 -0.635300
0.997680 -0.266502
-0.452908 -0.107033
-0.452040 0.933750
-0.032362 0.111843
0.030835 -0.821744
0.149656 0.188964
-0.146124 -0.825161
0.897169 0.254910
0.215369 -0.387213
0.079896 -0.485320
-0.033639 -0.755958
-0.974174 -0.517146
0.212318 -0.951858
0.987986 0.056850
0.362640 0.888519
-0.661433 0.633420
-0.248623 -0.327721
0.081401 0.905492
0.950623 -0.542105
-0.063387 0.593391
0.705934 -0.275223
-0.426762 0.917505
0.851423 -0.875191
0.058876 -0.594165
-0.032193 0.846530
0.096034 0.389768
0.717295 0.532108
-0.570763 -0.183422
-0.811985 -0.934209
0.916442 -0.854862
-0.374174 -0.503662
-0.198696 -0.371020
-0.275447 0.594038
-0.567407 0.800694
-0.677765 -0.610818
-0.997425 0.740751
-0.779907 0.372466
-0.383685 -0.027517
0.860527 0.791296
-0.419530 -0.239680
-0.179601 -0.303391
-0.507178 0.973059
-0.517957 -0.375822
0.949495 0.209784
0.800535 0.581912
-0.354972 -0.136560
-0.406705 0.732167
0.083639 0.951943
0.099729 0.020493
0.310529 0.039758
0.577676 0.478066
-0.396262 -0.623593
0.345179 -0.811846
0.223833 -0.198085
0.683192 0.272944
0.168615 0.842694
0.556368 0.339226
-0.886437 0.780955
-0.546058 -0.386827
0.235495 -0.082073
-0.890325 -0.166829
-0.677057 0.089675
-0.723946 -0.156992
0.135648 -0.753630
-0.385351 -0.606971
0.604965 0.099697
0.975534 -0.729330
-0.080349 0.722402
0.474601 -0.600305
-0.917244 -0.585910
-0.757620 -0.978690
0.022212 0.690761
0.498347 0.877023
0.062549 0.407672
-0.942038 -0.102882
-0.281169 -0.973834
0.846146 -0.611802
-0.382527 0.764507
-0.184132 0.994412
-0.204464 0.460309
0.224324 0.771953
-0.693452 0.426505
-0.777132 0.334160
0.642668 -0.625210
-0.426076 0.435235
0.417335 -0.421950
-0.987188 -0.773999
-0.778817 0.559309
0.360540 -0.419763
-0.787255 0.064824
0.068266 0.331766
-0.048523 -0.052355
0.116277 -0.693716
0.335112 0.859178
-0.736918 0.724607
0.235831 -0.621959
0.593725 -0.582191
0.234128 0.219720
0.857354 0.566624
-0.220074 0.877157
0.200595 -0.349272
-0.879255 0.300824
-0.015944 0.128492
-0.012864 0.937367
-0.302885 -0.342837
-0.387891 -0.957099
0.574921 -0.368124
0.513581 -0.730899
-0.431271 -0.913152
-0.943712 -0.827927
0.419304 -0.896127
0.087932 0.053934
0.576391 0.822967
-0.680817 -0.511205
0.616398 -0.529283
0.514705 -0.018122
-0.819331 0.685510
0.234060 0.387658
0.250119 0.852769
-0.344492 -0.998307
-0.796286 -0.391175
-0.481398 -0.414037
-0.242125 -0.044760
-0.690558 0.025634
-0.814138 -0.222854
-0.064004 -0.874589
-0.019434 0.893491
0.238777 0.662914
-0.897667 0.261703
0.204309 -0.519112
0.487310 -0.179323
0.203906 0.435197
-0.513916 -0.797082
-0.420808 -0.907103
-0.370572 0.673643
-0.929360 0.522027
-0.516545 0.598444
-0.210446 0.487570
-0.613699 -0.222793
-0.783102 0.977719
0.553794 -0.266588
0.253845 -0.868718
-0.375664 -0.621073
-0.879871 0.814431
0.822891 -0.110343
0.314662 -0.539532
-0.447719 0.841158
0.298064 0.568841
-0.992886 0.129411
0.038974 -0.451560
0.833257 -0.327866
0.036338 -0.630240
-0.596899 -0.137752
0.108071 -0.634065
0.680132 -0.610929
-0.415680 0.620269
0.129097 0.360642
-0.165006 -0.801559
-0.169505 0.508589
0.397077 0.993722
0.829753 -0.260107
-0.036760 0.321642
-0.865784 0.391637
-0.994570 -0.005341
-0.640362 -0.071190
-0.227782 -0.831873
-0.518502 -0.295957
-0.228463 0.122039
-0.648086 0.164929
-0.972009 -0.539765
-0.606220 -0.931445
0.346256 0.174356
-0.840320 -0.068485
-0.431906 0.772975
-0.017193 0.032503
0.639235 0.078615
0.976701 -0.242797
-0.500117 0.014738
-0.449607 0.058684
-0.324346 -0.296743
-0.996517 0.438679
0.513960 -0.520586
0.501583 0.387363
-0.624551 -0.093131
-0.969684 -0.793857
-0.306382 -0.507223
0.404219 -0.752279
0.455251 0.087057
-0.182377 0.614717
-0.295236 -0.462163
-0.357881 0.523909
-0.463433 -0.521626
-0.898401 0.070720
-0.276678 -0.972653
-0.476427 -0.909340
-0.989340 -0.340732
0.591179 0.104783
-0.584923 -0.453998
-0.650750 -0.135051
-0.637429 0.933865
0.860756 0.054783
-0.688414 -0.355673
-0.775977 -0.440392
-0.092898 -0.002199
0.646961 0.587817
0.267289 -0.882904
-0.805912 -0.664688
-0.237522 0.034280
-0.646308 -0.583552
-0.445387 0.188679
0.850716 -0.453121
0.433437 0.574221
-0.857746 0.504722
-0.527966 0.124714
0.945102 -0.782170
0.331694 0.295481
0.393410 -0.903477
0.865957 0.203626
-0.912080 0.970892
0.161908 0.909607
0.250524 0.637027
-0.841952 -0.061884
-0.340379 0.606938
0.910420 -0.242910
0.178445 0.155536
0.271233 -0.666814
-0.019022 0.575020
0.945285 0.572661
0.593518 -0.705412
-0.701437 0.300274
-0.966346 -0.371203
0.339947 -0.408206
-0.817386 -0.003794
0.535693 -0.514339
0.682972 -0.937990
0.056507 -0.289477
-0.180595 -0.569701
-0.869713 0.869634
-0.418546 0.016713
-0.293002 0.845630
0.510155 -0.815371
-0.853227 -0.689196
0.472612 -0.663646
0.240854 -0.346466
0.334146 0.085390
0.140353 0.896879
0.727435 -0.450856
-0.673339 0.423167
-0.844050 0.059011
-0.444422 -0.538062
0.271418 0.443135
-0.993530 -0.025236
0.968562 0.188818
0.865124 -0.978569
-0.608810 0.493727
-0.627734 0.295858
0.658311 0.203003
0.788391 0.573345
-0.040673 0.312148
-0.042102 0.097273
-0.401971 -0.375846
0.320668 -0.375379
0.127087 -0.639804
0.609655 -0.068588
0.613972 0.731959
0.719630 0.052609
0.521712 0.748582
-0.082521 0.677116
-0.314755 -0.300379
-0.005648 0.375188
-0.894281 0.320301
-0.811937 -0.997898
-0.991400 0.051689
0.087264 0.352913
-0.046750 0.777992
0.051526 -0.802301
0.729379 -0.484827
0.008702 0.470792
-0.834562 0.101878
-0.533806 0.660845
0.003607 -0.161906
0.138729 0.416096
-0.566564 0.591207
-0.174794 0.289396
-0.056731 -0.742216
0.109013 -0.705387
0.302272 -0.689104
0.634379 0.361573
-0.286468 0.646190
0.651278 -0.480106
-0.622886 -0.487515
0.999497 -0.922127
0.335218 -0.782355
0.139460 -0.535744
0.824455 -0.963108
0.045423 -0.224886
0.910562 -0.651821
0.675619 -0.639073
0.730189 -0.581057
0.408571 -0.215815
0.078660 -0.088959
-0.125301 -0.475426
-0.605103 0.497215
0.515167 0.625140
0.504992 0.447593
0.419436 -0.889885
-0.902423 -0.107342
0.197833 0.654511
0.934028 0.640021
0.229112 0.862036
0.657691 0.907401
0.352447 -0.520726
-0.666293 -0.601557
0.933829 -0.847128
0.042966 -0.391859
-0.347467 0.189958
0.122513 0.862374
0.129137 0.248499
0.501566 -0.926067
-0.000832 0.766508
0.052258 -0.016122
-0.400191 0.992961
0.113951 -0.668630
0.183298 0.879703
0.634212 -0.442302
-0.526002 0.102639
-0.228066 -0.147143
0.802827 -0.980926
0.612519 -0.742410
-0.438570 0.068623
0.703802 -0.511307
0.049775 -0.194858
0.855389 -0.201443
-0.707718 0.376830
0.345901 0.543712
-0.167355 0.275439
0.405333 0.818755
0.567279 0.938295
0.353120 0.173117
-0.503121 0.027791
0.167309 -0.267834
0.355632 -0.382472
-0.540115 0.235191
-0.849562 0.674857
-0.986648 0.061716
-0.039724 -0.079346
0.793144 -0.641695
-0.905741 -0.139139
-0.898053 0.255212
-0.997658 -0.397723
-0.741913 0.687027
0.193198 0.745577
-0.075346 0.997352
0.861747 0.766564
0.599815 0.366048
0.672724 0.722645
-0.762806 0.491139
0.669753 0.915313
0.747859 -0.874310
-0.175507 0.005828
0.704611 0.294072
-0.216293 -0.528361
0.927363 -0.886172
0.110425 0.718659
0.682921 -0.853785
0.290107 0.950166
0.405875 -0.377289
0.705977 -0.062996
-0.659320 -0.060840
0.934692 -0.481511
-0.631510 -0.320732
0.519156 -0.579522
-0.493426 0.413366
-0.084212 0.426634
-0.050204 0.880626
-0.423147 0.240936
-0.818026 0.398827
-0.417312 -0.670102
-0.069215 0.588491
-0.517585 -0.552917
-0.564667 0.055598
0.289127 -0.755940
0.379041 -0.537376
0.886534 -0.475847
-0.663056 -0.280695
-0.097749 0.070442
0.306671 0.617739
-0.889659 -0.885749
0.401984 -0.466412
-0.256274 0.330823
0.366763 -0.022147
0.777992 -0.985969
0.150904 0.079350
0.103307 -0.752764
-0.716546 -0.855041
0.699345 0.186291
0.732054 0.829345
0.140171 -0.240631
-0.420881 -0.544741
-0.032205 0.852763
-0.865021 -0.756940
-0.440564 -0.503076
0.917654 0.601975
-0.476834 -0.471117
0.182504 0.114544
-0.531302 0.700387
-0.492414 0.902365
0.838666 -0.101545
0.651209 -0.662248
-0.892066 -0.944649
-0.533154 0.404703
0.875529 -0.031405
-0.865361 0.921968
0.595562 -0.470933
0.429312 0.983790
0.642103 -0.477922
0.759513 0.204794
0.598135 0.444302
-0.901228 0.794849
0.030938 0.050364
0.665519 -0.192057
0.140506 -0.130419
0.707905 0.007727
-0.457166 -0.893689
0.669787 0.167260
0.451222 0.080852
0.322434 -0.968015
-0.302691 -0.317234
0.390319 -0.348572
-0.213236 -0.311365
-0.080812 0.356968
-0.497162 0.408876
-0.565649 -0.699507
-0.184901 -0.794190
0.727520 -0.467044
0.698441 -0.509811
0.399059 0.931684
0.298339 0.165136
-0.249701 -0.320685
0.718977 -0.595635
0.104510 -0.088941
-0.761476 -0.968816
0.296052 -0.905708
-0.122310 0.412054
-0.251001 0.970876
-0.223917 -0.064820
0.598150 -0.092649
-0.085232 0.695645
0.531306 -0.136116
0.303446 0.245635
0.017475 0.474636
-0.462242 0.921034
-0.618955 0.808024
0.726252 -0.008824
0.546395 0.045493
0.223514 0.738728
-0.892711 0.476449
0.622738 -0.751102
-0.732156 0.608357
-0.998387 0.042761
-0.332931 0.928837
-0.238773 -0.188150
-0.979129 -0.894762
0.287627 0.811647
-0.307404 -0.016745
-0.196723 0.630132
-0.136301 0.665890
-0.372434 0.442763
-0.235636 -0.059506
0.087242 -0.006169
0.611634 -0.984899
-0.737491 0.518663
-0.852303 0.327497
0.190763 -0.146056
0.487831 0.041168
-0.052946 -0.453733
0.078124 0.674433
0.101229 0.031558
0.120633 -0.720942
0.568750 0.113978
0.055411 0.689073
0.313360 0.606749
0.006159 -0.275178
0.842064 -0.905485
0.760721 0.626277
-0.313282 -0.968993
0.449830 0.298767
0.252350 0.775485
-0.128781 -0.416279
0.082607 0.763797
-0.251001 0.391747
-0.646802 0.059119
0.902627 -0.477904
0.258619 0.023256
-0.905167 0.082219
0.245190 0.811277
0.300128 0.328687
-0.716645 0.937445
0.845061 -0.029211
0.714232 -0.762638
-0.347955 0.534606
-0.417674 -0.625686
0.280487 0.988732
-0.809830 -0.766557
0.860003 0.100133
-0.365025 0.872109
0.725299 -0.998742
0.015304 -0.889045
-0.182522 0.970814
0.190640 -0.021859
-0.597607 -0.456491
0.863225 -0.691216
-0.744023 0.280084
0.493620 0.340940
0.626395 -0.130631
-0.178758 -0.399709
-0.223360 0.133250
-0.740909 0.403679
0.755532 0.580514
0.848480 0.831328
-0.634400 0.384250
0.911232 -0.409886
0.310215 -0.935814
0.187503 0.845573
-0.490008 0.849503
0.595339 0.535335
0.790895 0.587457
-0.489852 0.284822
-0.095375 -0.934464
-0.533436 0.148105
0.870595 -0.277789
0.790586 0.125450
-0.930760 -0.741016
-0.957211 -0.997269
0.585999 -0.713941
0.686382 -0.480335
0.213398 -0.784763
0.704132 0.527102
-0.408150 -0.149406
-0.758187 0.498750
0.828712 -0.085286
0.418382 -0.734789
-0.718057 0.988728
-0.290969 -0.538778
0.063983 -0.966014
-0.996438 -0.830136
0.069999 0.732807
-0.906333 -0.962244
-0.861219 -0.202507
0.204821 0.261247
-0.769529 0.854005
0.475520 -0.761751
0.497990 -0.810131
-0.505229 -0.141656
-0.107676 -0.788579
-0.717449 -0.630044
0.872927 0.546588
-0.697681 -0.523242
0.627371 0.849501
0.373579 0.032470
-0.224497 0.115384
-0.403006 0.848432
-0.868397 -0.356552
0.755279 0.096738
-0.875949 0.275420
0.102429 -0.895264
-0.351192 0.826280
-0.835124 0.137061
-0.946731 -0.030113
0.930256 -0.902230
0.836402 0.628505
0.973655 -0.003607
0.326897 0.822656
0.467091 -0.289488
0.811338 -0.006688
-0.770317 -0.576855
-0.191700 -0.346820
0.144888 0.198646
0.567376 0.961890
0.481023 0.581138
-0.819355 0.053528
-0.313142 0.850435
-0.422601 -0.786638
-0.569881 -0.856791
-0.160135 0.999642
0.121630 0.825303
-0.189423 -0.381172
-0.414168 0.531619
-0.901077 -0.620375
0.723450 0.833935
-0.483188 -0.358594
0.672539 -0.790053
0.242821 -0.582939
-0.247408 -0.530312
0.254617 0.177032
0.719725 0.072519
0.821979 0.232963
-0.310056 -0.314312
-0.268594 -0.946285
0.547099 0.692651
0.235567 0.871944
-0.314767 -0.253051
-0.162047 -0.277414
-0.082919 -0.206227
-0.918664 0.695770
-0.687514 0.522250
-0.211367 0.322854
0.577435 0.419334
0.849571 0.965543
0.118012 0.975415
-0.447217 0.831366
-0.307531 -0.275972
0.740107 0.541506
0.069117 -0.578461
-0.514937 0.064467
0.294209 -0.286972
-0.470045 0.334500
0.924853 0.353354
-0.546872 -0.932244
-0.714790 0.526070
0.916994 0.752615
-0.170632 0.493067
-0.965942 -0.193248
-0.575273 -0.731597
-0.726720 0.151702
0.114375 0.993944
0.028714 0.367430
0.907570 0.775602
0.609781 -0.213400
-0.290086 0.591257
-0.581984 -0.720341
0.346130 0.554662
0.546989 -0.808269
0.700886 0.678179
-0.087515 -0.184552
-0.642390 -0.213751
0.279082 -0.734458
-0.526842 0.110687
0.586579 -0.486266
0.860907 0.145912
0.795020 0.817965
0.481434 -0.081957
0.455065 -0.204279
-0.001899 0.694073
-0.158824 0.195713
-0.242008 -0.542556
0.310135 -0.318292
0.183492 0.543842
0.881644 -0.609894
0.506879 0.592932
-0.013098 -0.422610
-0.414627 0.532645
-0.211839 -0.060764
-0.873424 -0.549829
0.258248 0.191142
-0.769522 -0.524515
0.500209 -0.295160
-0.870168 -0.318701
-0.105503 -0.366676
-0.220964 0.983164
-0.632022 -0.452286
0.256754 -0.627014
-0.832327 0.003887
-0.864034 -0.378179
-0.357659 -0.434103
0.227664 -0.853727
-0.632118 0.087794
-0.220647 0.099113
-0.147159 0.993766
0.143839 0.612130
-0.937321 0.082808
0.505086 -0.936220
-0.487894 -0.193801
-0.134848 0.467070
0.031134 -0.443961
-0.033918 -0.388952
0.658200 -0.482625
0.177450 0.172268
0.364539 0.518162
0.084530 -0.512449
-0.426935 -0.713049
0.250119 -0.013204
-0.451864 0.803042
0.093459 -0.562944
-0.113523 0.597581
0.991323 0.143161
0.333438 -0.210007
0.519572 0.661726
0.102207 0.511854
-0.619431 -0.147309
0.634190 -0.765660
0.697827 0.295531
0.287730 -0.344150
-0.378510 -0.663729
-0.446581 -0.638277
-0.960937 0.798040
0.440467 -0.562577
0.396456 0.380787
-0.121381 0.985201
0.333059 -0.482252
0.188575 -0.408293
-0.456244 -0.298403
-0.187162 0.510671
-0.909494 0.265848
0.300499 -0.088088
0.532229 -0.691978
-0.375814 -0.947686
-0.414800 -0.344824
0.693823 0.097786
-0.327934 0.827338
-0.102872 0.322097
-0.586831 0.915072
-0.422023 0.835943
-0.422063 0.723383
0.773397 0.351936
-0.410697 0.585049
-0.895506 0.478963
0.367474 -0.366935
-0.302004 -0.222591
0.388002 -0.633081
-0.189621 -0.931625
-0.948821 0.486465
0.620850 0.178056
0.440186 -0.327925
-0.948232 -0.594504
0.893037 -0.144263
0.968597 -0.609215
-0.910022 0.489136
0.917968 0.750903
-0.798292 0.571688
-0.719674 0.658689
0.046114 -0.075730
-0.013776 0.123195
-0.495344 0.953032
-0.095907 -0.349354
0.698506 -0.205812
-0.811638 0.190442
0.215375 0.675807
0.206780 0.099984
-0.583854 -0.347671
-0.126557 0.392892
-0.789804 0.243919
-0.701092 -0.418996
0.480973 -0.958602
-0.165142 0.118922
0.997597 0.271844
0.161861 0.315540
-0.109842 0.875767
0.216884 -0.232588
0.610180 -0.690704
-0.974803 0.067237
0.646707 -0.613696
-0.065002 0.782927
0.954623 0.301633
0.237069 -0.421284
0.106718 -0.022425
0.218484 0.248292
-0.488479 -0.558043
-0.820442 0.139150
0.088236 0.128409
0.567349 -0.080687
0.364757 0.881930
-0.519460 -0.660843
0.983220 -0.776054
-0.618830 0.411787
-0.528002 -0.718628
0.049180 -0.742441
-0.891423 -0.066152
-0.880673 -0.392766
-0.611627 -0.490117
0.889712 -0.628703
0.250422 -0.434133
0.992504 0.293752
-0.940855 -0.646396
-0.378993 0.431046
-0.855708 -0.057831
0.000209 -0.870756
-0.406222 0.620248
-0.934080 0.890692
0.484319 -0.730221
0.442417 -0.724409
0.100315 -0.897246
-0.084195 -0.303524
0.938930 -0.874113
0.699069 0.300833
-0.886884 -0.856647
-0.547021 0.943722
-0.310340 -0.557629
-0.756973 -0.918065
-0.802739 0.516300
-0.216800 -0.556391
0.302098 0.106963
0.381093 -0.486073
-0.485802 0.792732
0.413249 -0.568333
0.487372 -0.770671
-0.829353 -0.666112
-0.685738 0.230904
0.312339 -0.697614
-0.903261 0.211840
-0.130955 -0.375305
-0.877447 -0.560356
0.155042 0.506238
0.504544 -0.891912
0.357292 0.072217
0.591491 0.211980
0.439747 0.769559
-0.798437 0.882645
0.549867 -0.353855
-0.320246 0.390137
-0.039886 -0.455398
0.354352 -0.364983
0.678075 0.600759
0.983215 -0.703028
0.485081 0.227777
0.492294 0.930404
-0.234297 0.834724
-0.740015 0.948365
-0.613284 0.958659
-0.264991 -0.469343
0.443018 -0.503245
0.047907 0.425731
-0.731861 -0.606198
0.575290 -0.227124
-0.225997 0.333542
0.209630 -0.929025
0.639486 -0.624991
0.664785 -0.009912
0.302189 0.811876
-0.233553 -0.806457
0.276893 -0.798619
0.566222 0.989249
-0.094103 0.876881
-0.596276 -0.619752
0.161340 0.875242
0.815061 0.792238
0.291982 -0.241074
-0.631582 -0.397326
0.231066 0.918323
0.915797 -0.889312
0.011534 -0.652087
-0.664302 0.668378
-0.478507 -0.195859
-0.759116 0.358093
-0.482977 0.725834
-0.377738 0.398212
0.885347 -0.851292
-0.973193 -0.503467
-0.946997 0.986625
0.263756 -0.207833
0.635882 -0.678392
-0.363438 -0.372397
0.837685 -0.906146
-0.285212 -0.701438
-0.635471 -0.619676
-0.012548 0.575532
0.297857 0.026775
-0.430118 -0.953035
-0.229727 0.339118
-0.231611 0.684908
-0.149768 0.062746
0.716583 0.313752
0.974110 0.040757
0.154026 0.842143
0.261034 0.232261
-0.028066 -0.273111
-0.966461 0.662201
-0.896345 0.977221
0.442921 0.414869
-0.238232 0.460415
-0.847271 0.565902
-0.929682 0.816833
0.214811 0.063304
-0.802740 -0.925711
0.886352 0.629000
0.044359 0.129898
-0.904881 0.855651
-0.282732 -0.293009
0.581778 0.209984
-0.186750 -0.958564
0.488931 -0.308910
0.107789 0.025149
0.206585 0.794070
-0.032372 -0.879250
-0.752261 0.056552
-0.037858 0.402499
-0.187889 -0.855787
0.231033 0.972165
-0.373183 0.561973
-0.423545 0.522108
-0.158076 -0.726451
0.219929 0.880574
0.403675 -0.379063
0.931829 -0.855491
0.179016 0.403809
-0.530133 0.927036
-0.206630 -0.684487
0.488799 -0.436131
0.899441 -0.220844
0.718331 0.681578
-0.660224 0.450814
0.334404 -0.814032
0.290052 0.631229
-0.846724 -0.775399
-0.276988 0.741289
0.220604 -0.777239
0.446706 -0.535523
-0.747095 -0.450125
-0.775848 -0.215517
-0.438830 -0.000802
-0.858280 0.364786
-0.118598 -0.024584
-0.306242 -0.799651
0.874871 0.452399
-0.098091 -0.562625
0.820705 -0.893893
0.500769 -0.922942
0.894297 0.098170
0.252418 -0.924242
-0.489009 0.636141
-0.889493 0.140806
0.046606 -0.656356
-0.697363 -0.769057
0.024141 -0.417254
-0.310000 0.621354
0.889734 -0.365399
-0.768420 0.295106
0.892390 -0.885706
0.990752 -0.392098
-0.242322 -0.185837
-0.970527 0.110339
0.978093 -0.314732
-0.291441 -0.978827
0.992393 0.234228
-0.359139 0.196140
0.252207 0.053025
-0.924518 -0.121550
0.787776 0.183968
0.393732 0.593399
0.495818 0.800961
0.940234 -0.193222
0.562323 0.003575
0.164439 -0.168054
0.104735 0.908585
0.185135 -0.048421
-0.701078 -0.835351
-0.097481 0.320572
-0.693732 -0.420459
0.534724 0.384586
0.867209 0.911097
0.922404 0.061666
0.112287 -0.036751
0.930784 -0.732727
-0.660407 0.695689
0.902971 0.451323
0.704960 -0.001154
0.068403 -0.243041
-0.705134 -0.809004
-0.382562 0.426305
-0.059199 0.296111
0.915788 -0.227965
0.276616 -0.526475
0.367953 -0.278572
0.095696 0.525354
0.267132 -0.348170
0.343797 0.528877
0.332850 0.587342
0.775908 -0.355159
0.423928 -0.636459
-0.083194 -0.575388
0.063130 0.785028
-0.188111 -0.018360
0.276519 -0.105355
0.604330 0.422778
0.608856 0.380750
0.628222 -0.178731
-0.169487 0.251099
-0.659117 -0.851014
-0.916128 0.973106
0.934822 0.429902
-0.720432 0.686944
-0.078796 0.278467
0.050974 -0.900381
0.857038 0.154649
0.355350 0.907969
0.656257 -0.344445
-0.948694 -0.224196
0.813302 -0.958738
-0.928429 0.189571
-0.399514 -0.395060
-0.855345 0.529314
0.796810 -0.376423
-0.924185 0.574902
-0.808539 -0.702439
-0.019502 0.811185
0.853828 -0.716986
0.383099 0.484536
0.722164 -0.673152
-0.900782 -0.864702
-0.495353 0.815120
0.006477 0.559678
-0.853545 0.420018
-0.713515 0.720850
0.026237 0.654366
-0.168015 0.729831
0.408728 0.887465
0.336925 -0.504152
-0.017944 0.703709
-0.927270 -0.473724
-0.810734 0.600648
-0.337926 -0.937119
-0.545581 0.039431
-0.881139 -0.830655
-0.892541 -0.459611
0.386014 0.902522
-0.190279 0.858306
0.031712 0.103552
-0.901683 -0.280885
-0.589634 0.136746
-0.831675 0.012613
-0.537888 -0.490948
0.705604 0.029007
-0.889019 -0.637262
-0.584382 0.878236
0.076850 0.572856
-0.021701 -0.602747
-0.715144 -0.198739
0.467750 -0.949947
0.098204 -0.073626
0.891460 0.067444
0.923065 0.203552
-0.190118 0.196563
0.636147 -0.314560
0.870985 0.564733
0.131085 -0.631222
0.818251 -0.665422
0.090425 -0.071421
0.356402 0.869982
0.006193 -0.503152
-0.849924 0.116678
0.377231 -0.508461
-0.299248 0.883024
-0.472011 0.378743
-0.428774 0.801485
-0.949961 0.124741
0.809226 -0.789483
0.218547 -0.607051
-0.933857 0.215435
-0.838103 0.464306
0.256162 0.653486
-0.102832 0.563297
-0.369959 0.862814
-0.582262 0.215814
-0.790193 -0.327452
0.808384 0.409967
0.363719 0.423605
0.654481 -0.930437
-0.992453 -0.044750
0.415226 0.838210
0.791314 0.854269
-0.219185 0.718418
-0.038970 -0.300911
-0.000287 -0.874291
-0.351917 0.369168
-0.510498 0.087958
-0.249164 -0.520681
-0.533669 -0.679013
-0.143409 0.158574
0.456527 -0.689767
0.363165 0.141174
-0.763450 -0.098626
0.632198 0.176882
-0.555037 0.896359
0.492643 0.548774
-0.120708 0.047237
-0.576530 0.036300
-0.959951 0.057286
0.744044 0.127501
-0.143341 -0.354533
-0.230146 0.084788
-0.719673 0.192597
0.595593 -0.747740
-0.532791 0.373508
-0.757294 -0.307368
0.354873 0.642531
0.851884 0.214172
0.611161 -0.162034
0.289166 0.078929
0.398156 0.213876
0.319025 -0.692601
-0.931369 0.392786
0.322530 0.361790
-0.978007 0.618735
-0.208724 0.370812
0.325022 0.766698
0.174250 -0.157369
0.594279 -0.755066
-0.543638 0.961108
0.985078 0.129459
0.416215 -0.620001
0.866025 0.031781
-0.742203 -0.248187
0.735954 0.489220
-0.223064 -0.444599
0.731205 -0.522689
-0.923151 -0.142227
0.010509 0.416493
0.468224 0.897679
-0.384333 -0.067753
0.083022 0.378490
-0.013293 -0.051362
0.249302 -0.752770
0.251578 0.470964
0.311214 -0.340387
-0.725764 -0.936155
0.304176 -0.245870
0.327796 -0.096798
-0.311374 0.669398
0.590221 0.585537
0.909997 0.368514
0.867572 0.662352
0.225602 0.056089
-0.029015 -0.994751
0.353488 0.051756
-0.637187 0.717434
-0.335184 0.460586
0.570216 -0.340277
-0.691509 -0.737079
-0.403171 0.345959
0.500405 -0.395898
-0.669613 0.624867
0.822832 0.814961
-0.046917 0.589810
