-0.997478 -0.969603
0.969504 -0.039223
-0.320975 0.861565
-0.608666 -0.368814
-0.608789 0.998434
0.460260 -0.965576
0.541755 0.635818
-0.024011 -0.983498
-0.217739 -0.257597
0.439463 -0.848745
-0.238951 0.826630
-0.072124 0.207029
-0.862645 -0.469706
0.264457 -0.228887
0.167991 -0.960404
0.411710 -0.057429
-0.613424 0.043277
0.189001 -0.398562
-0.402784 -0.104538
0.628276 0.891833
0.863290 -0.913577
-0.896226 -0.982939
0.224629 -0.385204
0.053571 0.862295
0.701709 0.301989
0.245824 0.692221
0.101417 0.547067
0.573342 -0.060985
0.794167 0.100597
-0.258655 0.188246
0.178424 0.284496
0.282492 -0.056712
-0.650030 -0.811757
0.129714 0.193901
-0.893904 -0.229899
0.276224 0.741007
-0.994826 -0.295422
0.489283 -0.322643
0.635534 -0.979033
0.201689 0.759578
-0.166545 0.472694
-0.090290 -0.546612
-0.734331 -0.915918
0.067150 -0.905055
-0.367891 -0.759365
0.984562 -0.557833
-0.689112 0.387737
-0.115040 -0.831807
-0.938971 0.488132
-0.552086 0.953906
-0.972339 -0.136149
-0.746294 -0.355385
-0.502863 -0.185158
-0.448037 -0.111201
-0.442170 0.727048
-0.909748 0.588432
-0.275895 0.736753
0.654385 -0.923752
-0.253566 -0.342876
-0.746757 0.570793
-0.945847 -0.925866
-0.361688 0.948655
0.720295 0.101307
0.418644 -0.772955
-0.286964 0.293001
0.487010 -0.016710
0.133004 0.611515
-0.927927 0.422734
-0.547772 -0.885686
-0.374006 0.005796
0.740031 0.633012
-0.861646 -0.221708
0.655984 0.493229
0.594338 0.711414
-0.916734 -0.377508
0.073948 0.177343
0.353852 0.715314
-0.092727 0.886597
-0.146626 0.800297
-0.422499 -0.037701
-0.240030 0.360405
-0.645870 -0.719747
0.912257 -0.702557
0.848550 0.625771
0.304330 -0.455105
-0.822885 -0.335520
0.851997 -0.480279
0.407760 0.973752
-0.762721 0.936786
0.251979 0.192237
0.608658 -0.568579
-0.384217 0.974595
-0.067505 0.851559
-0.727409 0.253780
-0.365468 -0.207964
0.024048 0.179539
0.081486 0.490386
0.584265 -0.869312
0.128911 0.391957
-0.390995 -0.834026
0.170152 -0.384457
-0.066763 0.838053
0.544905 0.365841
-0.392654 -0.443534
0.495743 0.362982
0.826166 -0.931495
0.180721 0.398680
-0.754773 -0.438951
0.757284 -0.319983
-0.748663 0.427879
0.481215 0.973383
-0.482110 0.045762
-0.475852 -0.051709
-0.037798 0.783010
0.023129 -0.064264
0.490886 0.307195
-0.601577 -0.593165
0.384620 0.164530
-0.632084 0.005789
-0.859195 0.909938
0.634809 0.661280
-0.375987 -0.651840
-0.090370 0.159978
0.864594 0.698455
-0.641522 -0.530171
0.517850 0.152451
0.700665 -0.595301
-0.822994 0.822895
-0.504521 -0.951482
-0.795825 -0.812383
0.903268 -0.174596
0.696405 0.551453
0.456572 0.270363
-0.573152 0.550066
-0.616189 -0.213176
0.081180 -0.939362
0.151243 0.057901
0.790806 -0.749215
-0.476634 0.061925
0.164303 -0.655443
-0.599303 0.149329
0.077013 -0.584693
0.824754 -0.982579
-0.350768 0.825495
-0.805318 -0.476785
0.285463 0.326896
-0.235745 -0.435749
0.841369 -0.539603
-0.835101 0.820016
-0.473814 0.217879
0.366664 -0.557096
-0.045673 0.844375
0.343018 0.954234
-0.666375 0.667975
0.640075 -0.110428
-0.345904 -0.412713
0.567550 -0.633374
0.804102 0.827259
-0.192463 0.951017
-0.793366 0.595232
0.500878 -0.075411
0.276995 -0.989362
-0.403920 0.863831
0.162641 0.617382
0.105335 -0.548469
0.280394 -0.420449
0.781150 -0.103854
0.298599 -0.247964
0.423746 -0.377249
0.238533 -0.588357
0.899200 0.561122
-0.976026 -0.616818
-0.038859 0.394971
0.941720 -0.998735
0.211268 0.691551
-0.452522 0.499933
0.479094 0.973841
0.093752 -0.483229
-0.056819 -0.700652
0.779449 -0.336497
-0.852933 0.971029
0.999692 0.179284
0.431099 -0.686385
0.602422 -0.397035
-0.630675 -0.658841
0.840303 0.384165
-0.266833 -0.772116
0.919426 -0.215453
-0.990363 0.319961
-0.176891 -0.313404
-0.193580 -0.934146
0.503385 -0.736291
0.684151 -0.161340
0.154556 0.811898
0.090155 -0.245240
-0.709730 -0.026875
-0.787363 -0.463784
0.897631 -0.946166
0.017689 0.560602
0.576054 0.293631
0.837551 0.711479
0.988477 -0.841918
0.813975 -0.582217
0.241367 -0.242027
-0.191401 -0.191431
-0.581314 0.457996
-0.390133 0.446425
-0.264508 0.651239
0.707946 -0.137670
0.790804 0.047708
-0.024796 -0.607859
-0.244961 0.248306
0.461324 0.020922
0.753769 -0.990635
-0.305934 -0.444938
-0.149799 -0.810668
0.821492 -0.490232
0.004857 0.768941
0.702436 -0.445960
0.994143 0.059829
-0.632503 -0.617064
0.925212 -0.879184
-0.228183 -0.575061
0.081628 0.671300
-0.170601 -0.239627
-0.973421 0.029484
0.857710 0.118165
-0.171225 0.780033
-0.909343 0.519507
-0.159444 -0.213607
0.657054 -0.791334
-0.611509 -0.821169
-0.094286 -0.127205
0.533898 -0.590754
-0.729964 0.697608
-0.821682 0.058771
0.225555 -0.230699
0.877530 -0.466195
-0.771462 0.034318
-0.271301 0.272911
0.055269 0.812365
0.365771 0.070243
-0.388359 0.942116
-0.166106 -0.517660
0.490401 -0.832340
-0.811510 0.648837
0.736306 -0.137628
-0.465186 0.564830
-0.979823 -0.199284
-0.612807 -0.351396
0.702148 -0.908073
-0.314968 0.872199
0.193105 0.185763
-0.084250 0.246255
0.270728 -0.077628
-0.300606 -0.013416
-0.236666 -0.638465
0.476541 0.089719
-0.968995 0.747378
0.988513 -0.260046
-0.373367 0.420654
0.563602 0.466344
-0.574790 0.628091
-0.233972 -0.387217
-0.099589 -0.915235
0.483328 0.967209
-0.123440 -0.265455
-0.940788 0.404752
0.474877 0.660294
0.243458 0.029196
0.950223 0.484166
0.284047 -0.491396
0.315355 0.120727
0.818807 0.185432
-0.694571 0.444668
-0.204074 0.876661
-0.464668 0.488209
-0.353444 0.832034
-0.046025 -0.337938
0.405159 0.905672
0.861672 -0.125407
-0.611428 0.229082
0.706390 0.245627
-0.894118 0.055917
0.330636 0.611518
0.597608 -0.628993
0.200696 -0.897114
-0.688062 0.019651
-0.741810 0.503100
-0.566638 -0.955358
0.785042 0.573405
0.970692 0.246729
-0.852269 -0.263014
-0.185032 -0.439281
0.885913 0.932603
-0.713897 -0.496639
-0.313198 0.175500
0.052087 0.417782
0.786612 -0.077143
-0.339521 -0.657363
0.743159 0.075461
0.778984 -0.904976
-0.042781 -0.337831
0.426519 0.665692
-0.010681 -0.451442
0.363566 0.158171
0.468457 0.920907
-0.506064 0.407865
0.423364 0.896371
0.815655 -0.395838
0.403983 0.412098
-0.057208 0.008739
-0.204370 -0.628662
-0.467352 0.864954
0.843985 0.517030
-0.043383 -0.835859
-0.375626 -0.044327
-0.964635 -0.554459
-0.520221 -0.909889
0.091062 -0.521943
0.789517 -0.265649
-0.367002 -0.695179
-0.009907 0.129553
-0.643168 0.568709
-0.244358 -0.475048
-0.458429 -0.429196
-0.634788 0.787340
-0.367981 -0.855674
-0.251224 -0.785664
0.054119 -0.235830
0.599959 0.271323
-0.497848 0.327983
-0.322832 0.166656
-0.024190 0.376228
0.591249 -0.864081
-0.960826 0.766959
0.742144 -0.687590
0.598181 -0.551596
-0.787320 -0.896767
-0.149872 -0.126686
-0.964838 -0.058786
-0.736834 -0.533336
-0.295818 -0.052576
0.728162 -0.221730
-0.141980 -0.919065
0.684623 0.558139
-0.065929 -0.740329
0.508708 -0.726036
-0.464161 -0.282316
-0.932610 0.182631
-0.659112 0.790281
-0.214382 0.475985
0.713996 -0.945642
-0.928088 0.131551
0.366504 0.731463
-0.116913 -0.428923
-0.266793 -0.593112
-0.029805 0.362894
0.565001 -0.289647
-0.208088 -0.579873
0.316231 -0.258393
0.446599 0.533817
-0.741521 -0.935891
0.875289 -0.841711
-0.847006 -0.954348
-0.339418 -0.828565
-0.218740 -0.673592
-0.029387 0.809655
-0.055569 -0.731463
-0.947798 0.413421
0.571748 0.013299
0.739816 -0.093389
0.378008 -0.211815
0.798275 0.650796
0.436427 -0.670442
-0.202376 0.584671
0.035554 0.582415
0.332844 -0.345669
0.756000 0.365707
0.652716 -0.906504
0.951797 0.622286
-0.764008 0.633654
0.907867 -0.978540
0.389759 -0.977946
0.763108 0.823299
0.764752 -0.752113
0.995670 0.915313
-0.436731 -0.279849
-0.686555 0.413047
0.805565 -0.742859
-0.063068 -0.192645
-0.857769 -0.265671
-0.875034 0.429457
-0.783248 -0.678635
0.047984 -0.401207
-0.831702 0.992636
-0.479430 0.044257
-0.878554 -0.444591
0.489459 0.058276
0.637744 -0.022966
0.350997 -0.118573
-0.795133 -0.153443
-0.003808 -0.845515
-0.671896 0.425660
-0.004156 0.266659
0.740463 0.468715
-0.018264 0.357160
0.912730 -0.554111
0.922272 -0.696872
0.434850 0.839598
-0.745479 0.666354
-0.973275 0.090478
0.164987 -0.172331
-0.624625 -0.092421
0.203598 -0.509143
0.299368 -0.735289
-0.634218 0.339844
-0.854962 -0.926952
-0.867354 0.683748
0.106921 0.583582
-0.297942 0.380754
0.518614 -0.653470
0.379013 0.908809
-0.342312 -0.890833
0.378227 0.863338
-0.725097 -0.062486
-0.989482 -0.305919
-0.463307 -0.665327
0.256880 0.512975
-0.250325 0.961952
0.026019 0.872347
0.644148 -0.034961
-0.208914 0.618250
-0.379754 -0.885709
0.987264 -0.920870
-0.452414 -0.368167
0.089539 -0.324864
-0.445456 -0.968147
-0.636928 -0.857596
-0.979139 0.516376
0.801294 -0.528608
-0.995338 0.927457
0.419526 -0.337935
-0.402854 0.672222
0.700383 -0.017427
0.550825 0.451410
0.895310 -0.771184
0.798600 0.100212
0.941086 -0.941352
0.706822 0.001937
0.377983 -0.929228
-0.674405 -0.355131
0.775379 0.636548
0.150470 -0.974624
0.389306 -0.041626
0.893399 -0.846879
0.550144 -0.263785
-0.419892 -0.144544
-0.885558 0.741040
-0.506813 -0.033915
0.789813 -0.395069
0.081388 0.134525
0.383605 0.830084
-0.321644 0.160618
-0.757868 -0.783929
-0.577830 0.040644
-0.022129 -0.634697
0.706523 -0.791444
-0.710045 0.842464
-0.903177 0.912429
0.103855 0.505649
-0.696655 -0.966014
-0.750481 -0.822462
0.438608 -0.469295
0.770997 0.928815
0.025316 0.245402
0.115364 -0.086858
0.617762 0.949673
0.111712 0.886740
-0.899457 -0.366152
-0.821424 0.284989
0.739507 -0.578647
0.406975 -0.808606
0.384869 -0.371459
-0.273890 0.910661
-0.540760 0.822059
0.289008 -0.124852
-0.583137 0.051350
-0.905560 0.478915
0.256009 -0.418971
0.890498 0.682778
-0.671928 0.170507
-0.196881 0.005338
0.938382 0.070019
0.813529 -0.856344
-0.746726 -0.031744
-0.608205 0.122738
0.496182 -0.008561
-0.234810 0.545458
-0.351004 -0.826882
0.866738 0.482031
-0.801796 0.008491
0.882446 -0.512125
-0.905983 -0.225955
0.985142 -0.979283
0.292722 -0.785675
-0.722445 0.655710
-0.538352 -0.542373
0.603236 -0.082171
0.839029 0.506895
-0.129384 0.654763
-0.899284 -0.286450
-0.645891 -0.403194
0.625310 -0.646140
-0.183684 0.187875
0.879896 -0.237567
0.701180 0.030868
0.032687 0.493903
0.945565 -0.935753
0.755514 -0.794410
0.967049 -0.182610
0.660017 -0.499321
-0.733482 -0.568547
0.438045 -0.275437
0.095620 -0.497354
0.979177 0.432184
0.780295 -0.359296
-0.115865 0.274471
0.145069 0.974615
-0.346189 -0.456867
-0.393433 -0.628410
0.543694 -0.853608
0.388975 -0.227862
0.048672 -0.825238
-0.649277 -0.916727
0.422144 -0.103384
-0.435167 -0.180501
-0.920980 0.541152
0.834894 0.788360
-0.784529 0.409445
0.637705 0.930654
-0.838621 0.060229
-0.835652 0.579074
-0.133979 -0.221437
-0.634246 -0.912426
-0.640151 -0.772552
0.928579 -0.751800
0.018385 0.089393
-0.136807 -0.017357
-0.677905 -0.190620
-0.346256 0.991607
-0.246905 -0.457384
-0.169898 -0.411152
-0.944501 -0.798783
0.764340 0.990089
0.287524 0.153386
-0.780657 -0.700829
-0.216697 0.402090
-0.102795 -0.290165
0.923400 -0.929486
0.060541 -0.867839
-0.094983 -0.339792
0.191367 0.953786
0.975423 -0.155988
0.580390 0.780014
-0.632583 -0.696142
0.516023 -0.788997
0.130444 0.068552
0.817519 -0.570223
-0.414223 -0.362005
0.835682 -0.574401
-0.686698 -0.471179
0.172138 -0.804771
-0.160930 -0.241928
0.391677 -0.442221
0.740007 0.804693
-0.231709 -0.065934
-0.414566 -0.521128
-0.999019 -0.081281
-0.371719 0.347306
0.780822 -0.492843
0.926383 -0.954008
-0.548333 -0.267547
-0.423440 -0.013295
0.865746 -0.128803
-0.407604 0.006098
0.201294 0.081342
0.107020 -0.679133
-0.903711 -0.749980
0.428843 -0.420920
0.031526 -0.626904
-0.416997 0.268562
0.385279 0.135447
0.667014 -0.840970
-0.098206 0.306928
-0.215806 -0.025140
0.106944 0.365292
-0.086856 0.368196
-0.322423 -0.015807
-0.016039 -0.555089
0.562942 -0.366615
0.584199 -0.031969
-0.258704 -0.513028
0.464903 -0.211939
0.151894 0.516700
0.461352 -0.282786
-0.334396 0.423108
0.589100 -0.258027
-0.569849 0.782071
0.241476 -0.769354
0.534584 -0.009146
0.415507 0.389506
-0.773401 0.363990
0.816024 0.626382
0.258883 0.866905
-0.131839 0.979787
-0.206790 0.971291
-0.802622 -0.478300
0.498959 -0.836212
0.674273 -0.799018
-0.531955 0.931671
0.285330 0.046715
-0.290267 -0.810689
0.438332 0.197050
-0.043108 0.350281
-0.242524 -0.374877
-0.822327 -0.184521
-0.456014 -0.550106
0.332451 -0.613272
0.242465 0.419063
0.390440 0.928488
0.354934 0.941336
0.788294 -0.097338
-0.274817 0.026930
0.474174 0.575887
-0.397740 0.197125
-0.811435 0.894083
0.981495 -0.204791
0.860646 0.827486
0.199115 0.530402
0.704771 -0.432068
0.445663 0.209401
-0.231701 -0.980808
0.084413 -0.932348
-0.715125 -0.853205
-0.155160 -0.921375
0.862672 0.527861
0.604180 0.821196
-0.114789 0.564257
-0.816898 -0.147141
0.809953 0.923628
0.405790 0.583195
-0.542853 -0.850923
0.219235 0.875552
0.064037 -0.037676
-0.192522 0.569050
0.768942 -0.663744
-0.873283 0.003407
-0.353302 0.481494
-0.321108 0.883778
0.927825 0.861481
0.406363 0.718090
0.647167 -0.863179
0.150313 0.141201
0.833571 0.789247
0.925425 0.092047
0.597350 0.337098
-0.189558 -0.617726
0.059994 -0.427004
-0.033313 0.127430
0.286292 -0.818325
-0.570620 -0.709711
-0.471844 0.113918
0.026112 0.869938
-0.968295 -0.707928
0.500547 -0.937380
0.179918 0.745017
-0.614125 -0.497284
-0.763418 0.028733
0.899233 -0.735444
-0.471288 -0.197578
-0.741448 -0.618175
0.627356 0.081266
0.465565 -0.841656
-0.050454 0.826372
0.446520 -0.331966
-0.548169 -0.814925
0.786122 0.734122
0.239874 -0.933643
-0.780079 0.481597
0.055363 0.968068
-0.546515 -0.056624
-0.619747 0.467841
-0.653245 0.121102
-0.629445 -0.927553
-0.076453 0.032824
0.359523 -0.517053
-0.112322 -0.521316
-0.248249 -0.042840
0.299439 -0.856901
-0.015663 -0.325455
0.241703 -0.378475
0.578521 0.428786
-0.575817 -0.160684
-0.850024 -0.098302
-0.875074 0.335122
-0.465132 -0.119677
-0.137142 -0.336923
-0.853593 -0.835456
0.442918 0.782598
-0.363404 -0.424953
-0.181864 -0.742986
-0.345638 -0.891830
-0.528155 0.426583
0.467845 -0.714830
0.495165 -0.623550
0.700535 -0.466092
0.312532 0.553241
-0.547966 0.867515
-0.232052 -0.133538
0.601560 0.741889
-0.459333 0.540751
-0.650744 0.671701
-0.061578 -0.166345
-0.889807 0.730401
-0.023971 -0.093464
0.601960 -0.326731
0.099678 0.414839
0.443671 0.881664
0.820702 -0.140272
0.485755 0.873506
-0.268105 -0.415134
0.780732 0.186886
0.735359 -0.113661
0.721661 -0.980446
-0.141840 -0.796928
-0.929751 0.801273
0.147852 0.641452
-0.177002 -0.526900
-0.119618 0.562989
0.748267 -0.844930
0.615662 0.263608
0.637757 0.202742
-0.355823 -0.009751
0.455715 0.987667
0.586730 0.908571
-0.931821 -0.593293
-0.915220 0.492031
-0.308544 0.647305
0.677525 0.585682
0.702982 -0.618527
0.800611 -0.168470
0.607984 0.692387
-0.923604 0.442628
0.717385 -0.273730
-0.646780 -0.045089
-0.731966 0.916259
-0.955586 -0.065653
-0.997446 -0.966214
0.285250 -0.745187
-0.809908 0.711442
-0.914787 0.386606
-0.254162 0.109404
-0.821223 0.275214
-0.447878 -0.684297
-0.892461 -0.752244
-0.031728 -0.542949
0.033275 -0.639573
0.199478 -0.983977
-0.406094 0.484256
0.522248 -0.675570
0.209478 -0.461396
0.980818 -0.458929
-0.729043 -0.233952
-0.226155 -0.248283
-0.433593 0.184014
-0.240289 -0.873322
-0.450109 -0.132261
0.501216 -0.167719
-0.791877 0.610506
-0.810596 0.996658
-0.240783 0.718966
0.439345 -0.038500
0.312000 -0.072598
0.749073 -0.157838
-0.352560 0.554555
-0.757619 0.502598
-0.284171 -0.923352
-0.775470 0.666402
-0.990466 -0.013246
0.862518 -0.904610
-0.501354 0.803244
0.125540 -0.496377
-0.062749 0.362755
0.607471 -0.354433
-0.546214 0.989671
-0.044724 0.291998
-0.951929 -0.429231
0.992707 0.395774
-0.103636 -0.609375
-0.606736 -0.188466
0.107801 -0.424383
-0.698417 -0.239916
0.036671 -0.108747
0.480424 -0.892301
-0.341265 0.650734
0.324111 -0.840460
-0.097380 -0.794829
0.796993 0.755414
-0.320285 -0.760673
0.252975 -0.300133
0.948859 -0.574771
-0.601891 -0.625032
0.669333 -0.015186
0.423073 0.552561
0.745743 0.580271
0.525509 0.173362
-0.156581 0.201751
-0.180347 -0.920805
0.041509 -0.912657
0.334292 0.416695
-0.578635 -0.902551
0.225543 0.580800
-0.637557 0.510522
-0.209268 0.514459
-0.717580 0.569459
-0.261089 -0.390469
-0.540085 0.378308
-0.948093 -0.558095
-0.907760 -0.435187
-0.375805 -0.995251
0.530091 -0.212258
0.313332 -0.815866
0.714568 -0.735454
-0.595556 -0.709842
0.630797 -0.129731
0.484099 0.372292
-0.373872 0.355359
0.187356 -0.344064
-0.942923 0.204861
-0.942984 0.330549
0.358141 0.524445
0.173455 -0.579526
0.793504 0.626597
-0.159554 0.249988
0.910038 -0.161200
0.086502 0.889953
0.030716 0.298485
-0.701702 -0.259744
0.414754 0.683807
0.552575 0.044911
0.325011 0.849365
0.348595 -0.849076
-0.906832 -0.070673
-0.401977 -0.987876
-0.514733 0.006755
0.013472 0.654091
-0.535288 0.322647
-0.580228 0.458780
-0.026425 0.438820
0.782863 -0.451259
-0.331706 0.435655
0.284284 -0.583201
-0.538753 -0.725163
0.316109 -0.442885
-0.834234 -0.604273
0.189538 0.636578
-0.966117 0.955923
-0.986435 -0.936332
0.926338 -0.741166
0.571318 0.704189
0.161679 -0.802642
0.133795 -0.969570
-0.526929 0.739408
-0.147472 0.588070
0.582575 0.346367
0.034921 0.758767
-0.874385 -0.302916
0.271424 0.143954
-0.327953 -0.579649
-0.061680 -0.604885
-0.688223 0.071315
0.456937 0.276645
-0.125179 -0.467412
-0.768261 0.950622
-0.617377 0.974893
-0.019502 -0.567737
0.200328 -0.539571
0.117235 0.219303
0.813158 -0.016716
-0.372425 0.204928
-0.296487 -0.975531
-0.743321 -0.750972
-0.822703 0.471300
-0.099193 -0.714791
0.308228 0.814268
-0.300343 -0.479987
0.028220 0.256683
-0.286245 0.948582
-0.917756 -0.749438
0.475046 0.835071
-0.353010 0.034279
0.147785 0.961442
-0.869547 -0.552372
-0.218975 -0.283988
-0.221888 -0.353194
-0.372276 -0.860520
-0.671791 0.112753
-0.604678 -0.288540
-0.571806 0.304531
-0.207145 0.518748
-0.326822 -0.940862
-0.767734 0.947211
-0.398352 -0.107856
0.913364 0.569254
-0.954707 0.112883
0.058953 0.520289
0.167202 -0.395828
-0.861922 -0.345144
0.405578 -0.476062
0.331207 0.666084
-0.111146 -0.800815
0.093822 0.657363
-0.268142 -0.016988
-0.958897 -0.012485
-0.221398 0.686432
-0.336480 0.749130
0.906919 -0.152324
0.033135 -0.204171
-0.178021 -0.207296
-0.841227 -0.713866
-0.557728 -0.334164
-0.554312 0.463220
0.695839 -0.880689
-0.284820 -0.045448
0.808748 -0.791989
-0.708823 -0.049578
-0.903439 -0.984324
0.352931 -0.759813
0.718634 -0.422734
0.798680 -0.887127
0.054178 0.643864
0.921728 0.521417
-0.433642 0.819485
0.324572 0.173175
0.277154 0.858589
0.075570 -0.723757
0.516358 -0.647751
0.107525 0.459163
-0.409861 0.768796
-0.593375 -0.048317
-0.434802 0.191302
0.030766 -0.859509
-0.619358 0.023969
0.167484 -0.189215
-0.150138 0.622505
-0.368899 0.777495
-0.373334 0.064886
0.325598 0.490623
-0.658634 -0.428380
0.170837 0.049232
-0.797277 -0.624517
0.956227 -0.885393
0.948937 -0.557814
-0.639527 -0.092743
0.861315 -0.749577
-0.559417 0.752885
-0.787135 0.725951
0.234686 -0.527882
-0.960957 0.051736
-0.368381 -0.528751
0.390805 -0.433579
0.643576 0.301964
-0.410880 0.980664
0.894199 -0.549434
0.812281 -0.049492
-0.144490 0.389972
0.140225 -0.721736
0.507304 0.281163
-0.708896 -0.509995
-0.894972 0.218323
0.340574 0.910496
-0.268302 -0.132707
-0.246546 0.722385
0.928685 0.063501
-0.633963 0.451610
0.581400 -0.324538
0.018985 0.240165
0.219980 -0.613731
0.390301 -0.963428
0.862306 0.149715
-0.016322 -0.259935
-0.549731 -0.414769
0.079956 -0.310347
-0.161136 -0.965787
0.690089 0.254882
0.346635 0.753977
-0.607330 0.929031
0.870294 0.661939
-0.053342 -0.260972
0.103941 -0.924145
-0.870301 0.186845
0.703344 0.352072
0.218584 0.826639
-0.922968 -0.144946
0.081460 0.785714
0.875994 -0.187346
0.255673 -0.439507
0.370237 -0.662901
-0.349821 0.132811
0.276761 0.798364
-0.335883 -0.673192
0.666041 -0.352480
-0.182096 -0.444305
-0.729564 0.269212
-0.140777 0.346746
-0.213324 -0.757287
-0.297749 0.795151
0.530274 0.401696
0.855672 -0.756394
-0.220094 0.417605
0.947194 0.649687
0.971569 0.749614
-0.716789 0.846705
0.798075 0.617873
0.076577 0.534560
0.532360 0.519601
0.161152 0.404917
0.851594 -0.909311
-0.713512 0.937075
-0.072132 -0.228434
-0.184329 0.533394
0.335488 0.281941
0.786749 0.179853
0.252033 0.703525
0.564344 0.009085
0.770197 0.376155
-0.925905 0.751662
0.648051 0.122310
0.763701 0.980554
-0.207582 -0.121441
-0.106225 -0.969133
-0.505879 -0.868322
0.332909 0.882868
-0.235297 -0.396033
-0.941991 0.798091
-0.873298 0.768498
-0.070142 0.634127
0.724958 0.650887
-0.032276 0.186944
0.684257 -0.098623
0.871713 0.286090
-0.518844 -0.385826
0.104370 0.691206
0.241126 0.001586
-0.630684 0.355066
-0.199444 -0.861487
-0.583822 -0.765422
-0.431169 -0.934354
-0.473461 -0.920448
0.004188 0.201185
0.236745 0.676960
0.712192 0.009290
-0.859453 -0.109944
0.039127 -0.639261
-0.844537 -0.657927
0.129269 0.721243
-0.888111 -0.259927
-0.980228 0.661010
-0.952717 0.454112
-0.370938 -0.389256
0.376872 -0.683660
-0.791582 -0.965560
0.104776 0.327694
0.872184 0.429478
0.958426 -0.601815
-0.309174 -0.262018
0.858236 0.827902
-0.658045 0.883871
0.884797 0.519174
0.765279 0.685013
-0.712057 0.552871
-0.798764 -0.795307
-0.913544 -0.737611
0.538540 -0.846188
0.626078 0.099842
-0.987958 -0.020236
0.045657 -0.547534
-0.970845 0.001434
-0.773408 0.592365
-0.695673 -0.161425
0.042612 -0.898034
0.167741 -0.934372
0.820415 -0.237631
-0.158548 0.765886
0.626629 0.896036
0.083853 0.222576
0.602217 0.565422
0.072358 0.584463
0.785359 0.723819
-0.848108 -0.107135
-0.793051 0.843570
-0.181784 0.999595
-0.299742 0.462835
0.671489 0.029153
-0.183662 0.337827
0.941613 -0.240834
-0.238074 0.694024
0.200344 0.826027
0.616277 0.158773
-0.793819 -0.135751
0.073436 0.838773
-0.486926 -0.306170
-0.346556 -0.772259
0.554880 -0.432425
0.991713 -0.852196
-0.659084 -0.638902
0.996820 0.894993
0.737125 0.694566
0.985136 0.362508
0.624554 -0.238512
-0.790653 0.788120
-0.795633 -0.409350
-0.151784 0.434279
0.961221 -0.084198
0.662692 -0.055106
0.301733 -0.808072
0.397671 0.016395
-0.005097 0.073183
-0.752605 -0.051109
-0.095599 -0.608015
0.676475 -0.352453
-0.167443 0.576914
0.210706 -0.397295
-0.152137 -0.774020
-0.406625 -0.147518
-0.370086 0.942952
0.950153 -0.924110
-0.756411 -0.915191
-0.121789 -0.762807
0.068793 -0.346488
0.535724 -0.710823
-0.711073 0.730014
0.096085 -0.921158
0.939083 0.302981
0.605758 0.621722
-0.203213 -0.429659
-0.210392 0.742968
0.100783 0.948270
-0.682082 -0.727289
-0.301030 0.917658
0.152750 0.253999
0.667095 -0.038611
-0.896955 0.185605
-0.092194 0.515472
0.966400 0.786615
-0.689103 0.918465
-0.054027 -0.925212
-0.678276 -0.438132
-0.124151 -0.915279
-0.328714 0.276290
0.719355 0.624916
-0.069892 -0.000980
0.482343 0.556831
0.810568 -0.630218
-0.054340 -0.800211
0.886317 -0.297175
0.008079 0.539320
-0.064933 -0.873733
-0.850282 0.372124
0.416497 -0.466093
-0.349343 0.661928
0.272707 0.352067
0.406089 0.313339
0.790391 -0.893785
0.472529 0.141350
-0.603919 -0.212544
-0.085374 -0.535698
-0.782790 0.364207
0.476727 -0.938412
-0.122727 0.244831
0.708678 0.948191
0.559894 -0.420497
-0.107380 0.300860
-0.443332 0.865564
-0.279276 0.118662
0.419832 -0.097390
-0.604799 0.699231
-0.653177 0.867198
0.873098 0.552369
0.729135 -0.856292
0.504046 0.590035
-0.222579 -0.895791
0.168077 -0.588541
-0.870455 -0.588248
-0.738460 -0.859860
-0.102449 -0.905513
-0.977504 0.615840
0.499698 0.380054
-0.512685 0.530170
-0.060471 -0.977228
-0.471969 -0.497594
-0.065612 0.355129
0.678047 0.761914
-0.393749 -0.296785
-0.116441 0.998153
-0.429817 0.689868
-0.714035 -0.491411
-0.947833 0.203121
0.468946 0.490366
0.188696 -0.421509
0.514395 0.396667
0.300359 -0.669716
0.754741 -0.923265
-0.163213 0.282089
-0.085713 0.027930
-0.944622 0.880930
-0.154761 -0.321594
-0.338419 0.568405
0.773341 0.871967
0.871539 0.793102
0.833517 0.470791
-0.827388 -0.173836
-0.142894 -0.449972
-0.318870 -0.234474
0.914771 0.452909
0.373032 0.139519
0.432594 -0.094548
0.279682 0.681854
0.327212 -0.599883
0.827832 0.827192
0.680527 0.524227
0.392133 -0.330381
0.823763 -0.445053
-0.618965 0.010804
0.201430 -0.641898
-0.768017 0.026348
-0.963989 -0.990902
0.992334 0.888553
-0.178662 -0.553348
-0.662547 0.087843
0.232984 0.992387
-0.037278 0.142114
0.769663 -0.732491
0.526697 -0.038243
-0.211615 0.421327
-0.393010 -0.996101
0.907608 -0.517026
-0.758631 0.531356
-0.384143 0.371254
0.941925 0.948132
0.784994 -0.356748
-0.595932 -0.537882
0.259438 -0.603856
-0.670837 -0.523755
-0.621719 0.322489
-0.238792 -0.674738
-0.920421 0.895963
0.538955 0.888032
0.309850 -0.443077
-0.869950 0.177640
-0.723854 0.261179
0.856317 0.282665
-0.109510 -0.129315
0.837083 -0.754640
0.313985 0.062438
0.561695 -0.728887
-0.981670 -0.269065
0.473990 0.314713
0.062171 0.677478
0.383208 0.560264
0.627816 -0.646151
0.612925 -0.896363
0.781657 0.950957
-0.708291 -0.774440
-0.418167 -0.320760
0.958964 -0.201607
-0.307424 0.574620
-0.218875 -0.915723
0.866268 0.392253
0.975102 -0.227114
0.754005 -0.517740
0.735600 0.399069
-0.965417 -0.141912
0.390298 0.878624
0.540985 -0.956351
-0.858141 -0.993585
0.421812 0.040046
0.989043 0.920160
-0.960249 -0.751220
0.244894 -0.605909
0.163546 -0.657850
0.677437 0.735765
-0.390530 0.384932
0.392525 -0.080446
-0.559004 0.274295
-0.251100 -0.697191
0.340349 0.773806
0.894460 0.097292
-0.923811 -0.636844
0.539491 -0.275430
-0.556508 -0.190507
-0.636802 -0.818898
-0.445775 0.611562
-0.079268 -0.999392
-0.784699 0.397891
0.194356 -0.801610
-0.728502 0.299676
0.256022 -0.236266
0.386125 -0.184899
0.510260 0.274349
0.602493 0.500945
-0.677859 0.333912
0.533673 -0.804764
0.707937 -0.515976
0.477415 -0.986761
-0.227281 -0.392945
-0.083597 -0.018981
-0.249807 0.090954
-0.399648 -0.616043
-0.986956 0.415286
0.333346 0.356469
-0.118101 0.719730
-0.857536 -0.533571
-0.169026 0.111051
-0.898213 0.696004
0.535790 0.747742
0.277856 0.789967
-0.085757 -0.531231
-0.539378 0.714887
-0.607358 -0.150682
0.052539 0.789710
0.756365 0.188917
0.442433 0.134953
-0.139612 0.746573
-0.792830 0.989119
-0.599316 -0.102239
-0.916395 -0.336031
0.491879 -0.507686
0.894799 0.244334
0.034903 -0.687641
0.941600 0.057076
0.334366 0.860810
-0.169648 0.181908
-0.673256 0.294031
0.225723 -0.421397
-0.427322 -0.259190
-0.399506 0.177459
-0.242870 -0.047690
0.104843 0.389014
-0.796132 0.214719
0.664429 0.779460
0.373031 0.187257
0.622642 0.279227
0.970326 -0.039019
-0.207398 0.891661
0.624314 0.860641
0.469643 -0.329042
-0.231238 -0.820882
0.731983 0.030984
-0.573731 0.838273
0.489135 -0.889122
0.197495 -0.960871
0.068999 0.613006
0.083516 -0.716933
-0.135735 0.920178
0.830669 -0.634689
0.067135 0.817791
-0.657002 0.092027
-0.434309 -0.145499
0.472161 0.772267
-0.944959 0.139083
0.294578 0.012152
-0.583414 -0.571092
-0.172012 -0.114440
0.282850 0.528912
0.745056 -0.329250
0.971450 -0.027963
-0.001545 0.352828
-0.476600 0.662232
-0.210500 -0.245157
0.995559 0.697453
0.313635 0.750623
0.249824 0.845892
-0.793199 -0.948632
0.112728 -0.970370
-0.956280 -0.298678
0.592758 0.451159
-0.442143 -0.612135
0.082196 0.156135
-0.322912 0.441670
-0.241188 -0.700126
-0.471849 0.653003
0.443583 0.428403
-0.669140 0.039293
0.258933 -0.888703
-0.233440 -0.603232
-0.329281 0.098190
0.000253 -0.712995
0.318691 0.697067
0.023058 0.513485
-0.050247 -0.626865
-0.241703 0.512321
-0.434430 -0.295851
0.975564 -0.383454
-0.596222 0.594860
0.066950 0.791732
0.260084 0.292853
0.108015 0.262121
-0.207017 -0.058185
0.423925 0.117010
0.563279 -0.438965
-0.017244 -0.894407
0.031585 0.034535
-0.737103 -0.365907
0.140540 0.817853
0.950000 -0.758176
-0.019866 -0.956659
-0.166618 0.106022
0.529121 0.571429
-0.219608 -0.259230
-0.435907 0.241189
-0.365054 -0.850338
-0.659799 -0.812044
0.453876 -0.018661
-0.315670 0.539704
-0.297686 -0.399487
0.850150 0.968262
-0.450658 -0.376021
-0.034375 0.671133
0.205439 -0.335578
-0.615575 -0.655673
0.716856 0.313781
0.842085 0.680361
0.026782 0.451712
-0.432331 -0.291870
-0.834412 0.020724
-0.889042 -0.975940
-0.437115 0.949126
-0.342144 -0.031758
-0.186685 -0.739820
0.927589 0.102965
-0.664214 -0.192489
0.918267 0.901140
0.311498 -0.385706
0.630955 0.877530
0.087729 0.136997
0.665504 0.857149
0.571327 0.326367
-0.288024 0.282562
-0.013440 -0.582106
0.077038 0.813215
0.031008 0.757838
-0.535270 0.268424
0.170643 0.397949
0.640601 0.038086
0.406020 -0.006981
-0.750506 0.145924
0.326269 0.804139
0.027543 -0.066177
0.034315 0.152241
0.195874 -0.217360
0.610809 -0.900765
0.746854 0.732945
0.206712 -0.824776
-0.377927 0.088441
0.722514 -0.418750
-0.561324 -0.940959
0.199561 -0.321240
0.398880 0.992987
0.988818 -0.524597
-0.985837 0.339379
0.448359 0.495925
-0.398601 0.333177
0.033087 -0.190691
-0.188078 -0.012969
-0.819869 0.161481
0.576137 -0.222598
0.524750 -0.806327
-0.779999 -0.486505
0.883262 -0.827071
-0.135063 -0.811483
0.351010 -0.266793
0.704370 -0.200328
-0.045553 0.278300
-0.144802 -0.011602
-0.937759 -0.402016
-0.698559 -0.950411
-0.973947 0.666817
-0.762931 0.434926
0.849119 -0.995273
0.989561 -0.829263
0.554326 -0.520794
0.427780 -0.952599
0.478656 -0.415611
0.624122 0.639171
-0.580638 -0.658186
0.187501 -0.697482
-0.855514 0.247916
-0.810558 -0.508013
0.174274 -0.042370
0.401758 -0.089755
-0.386144 0.983924
0.263539 0.817005
0.981131 0.214205
0.840582 0.641959
0.099521 -0.272132
-0.076152 0.158790
0.768243 0.247463
0.707803 -0.617956
-0.780459 -0.372459
-0.897069 0.039561
0.737068 0.321068
0.419351 -0.208359
0.669542 -0.036286
0.251702 0.845315
-0.054369 -0.586251
0.626747 -0.658412
0.794642 -0.420338
-0.338046 0.091002
0.064708 -0.337981
-0.937577 0.572045
0.680880 0.213840
-0.020150 0.091911
-0.897831 -0.826746
-0.855570 0.155775
-0.934497 0.140295
0.716904 -0.886781
-0.635037 -0.361767
-0.665382 -0.191213
0.658312 -0.868416
-0.380008 -0.842889
0.813295 -0.814755
0.390929 0.672569
-0.990089 -0.320694
0.728186 0.801483
0.199750 -0.325218
-0.980430 0.493492
-0.021893 -0.300570
0.910626 0.481220
0.148493 0.190014
0.549975 0.230001
-0.848751 0.714355
-0.473762 -0.908425
0.677473 -0.905497
0.023779 0.862669
-0.742877 -0.408028
-0.420254 -0.622334
0.684802 -0.794843
0.869032 -0.439760
0.279738 0.554594
0.381319 -0.780900
-0.231179 -0.521231
-0.562435 0.287778
0.223603 -0.335426
0.400028 0.843527
-0.998775 0.605883
0.721432 -0.156012
-0.317178 -0.536816
-0.144611 0.470435
0.125639 -0.460857
0.934066 -0.451522
-0.030102 -0.815149
0.971029 0.021869
-0.944953 0.349909
-0.828490 -0.434094
-0.281419 -0.738103
-0.564172 0.798580
-0.963705 0.762521
0.533752 -0.674817
-0.340821 0.989468
-0.418364 -0.490689
0.008705 -0.295334
0.503951 0.304330
-0.986840 0.675601
-0.815036 -0.156017
0.772948 0.162513
-0.747885 0.864343
-0.286868 0.323229
-0.017047 0.202009
-0.839816 -0.770445
-0.445532 0.986317
0.860061 0.340417
0.437158 0.428710
-0.097280 0.911969
-0.693614 -0.100181
-0.797800 -0.875449
-0.516285 -0.969462
0.839092 0.135258
0.781398 -0.217230
0.487089 0.248819
-0.438055 0.831617
0.304383 0.593663
0.510901 0.800813
-0.099911 0.894272
0.585091 0.560010
-0.668759 -0.449812
0.983072 0.653760
0.751627 0.319350
-0.983054 -0.709116
0.266571 0.789835
-0.333746 -0.240919
0.712688 -0.964391
-0.870960 -0.619188
0.479820 0.901371
0.619235 -0.387991
0.841489 -0.063326
0.633542 0.901259
-0.057859 -0.668410
-0.146360 -0.190599
-0.111846 0.111741
0.820941 -0.292466
-0.648620 0.675815
0.573142 0.448592
-0.926640 -0.176110
0.442562 -0.088436
0.258441 0.581470
-0.210155 -0.557418
0.400833 0.960040
0.005238 0.881974
0.001427 -0.321273
-0.959384 0.186554
0.053557 -0.964678
0.511653 0.646540
0.571540 -0.939396
0.653331 -0.501430
0.316458 -0.765303
0.443561 -0.905661
-0.715710 0.290355
0.455340 0.675202
-0.946084 -0.046421
0.886448 -0.389666
0.001342 0.626640
0.691809 0.710847
-0.163208 0.388698
-0.718624 -0.880236
0.969186 0.004532
0.114480 -0.647189
0.437623 -0.188389
0.135786 -0.887403
0.290282 -0.910030
0.985898 0.112433
-0.674112 0.761527
0.994415 -0.171523
-0.482830 0.583877
0.125297 -0.077140
0.001279 0.024467
-0.232690 -0.244054
-0.989146 0.525643
0.174076 0.591523
0.368255 -0.028405
0.008362 0.075968
-0.046379 -0.007927
0.808071 -0.253459
0.499077 0.451714
0.003957 -0.103609
0.338314 -0.304081
-0.945961 0.436863
-0.750622 0.266080
0.118066 0.074816
-0.155979 -0.675258
0.110956 0.043192
0.023452 -0.481150
-0.412426 -0.112670
-0.927383 -0.213997
-0.454042 0.477161
-0.245886 -0.076091
0.449255 -0.833711
0.607866 0.919391
-0.734332 0.712699
0.815825 0.991489
-0.096008 -0.141468
0.062871 0.795503
-0.638147 -0.866377
0.709983 -0.760345
0.324070 0.042617
0.801540 0.576860
0.723784 0.613374
0.265448 -0.726664
-0.071240 -0.771919
-0.354766 0.755625
0.828284 0.649058
0.636620 -0.597633
-0.709012 0.717454
0.729591 0.079701
0.274236 0.617936
-0.083811 0.701178
-0.969563 -0.591625
0.749022 0.222836
-0.698496 0.529599
0.283385 0.217578
0.008970 -0.767901
-0.650113 0.279804
-0.741771 -0.965111
-0.368973 -0.307494
0.973846 0.961619
0.148453 0.018344
-0.801742 0.097790
0.997921 0.136618
-0.610653 0.809591
0.776328 0.327672
-0.940193 -0.150421
0.940840 -0.406599
-0.505396 -0.872823
0.825351 -0.195970
-0.779439 -0.846181
-0.233863 0.066337
0.722515 -0.664518
0.785368 -0.115489
0.210320 -0.477559
-0.071671 -0.006977
0.613499 -0.040845
-0.349244 -0.269349
-0.248563 0.885064
-0.150149 0.677494
0.606626 -0.554431
-0.334401 0.200324
0.225551 -0.580603
0.785077 0.341775
-0.989299 0.506096
0.482369 0.294761
0.029046 -0.310199
-0.101296 -0.888546
0.849513 0.616057
-0.204135 -0.823907
0.557953 -0.403283
-0.862130 -0.335246
0.762170 0.014821
0.128737 -0.818799
0.104707 0.279236
-0.922029 -0.012976
0.321041 0.054879
0.246601 0.602319
0.009264 -0.884995
0.810907 -0.665522
0.158860 -0.621424
0.663407 -0.863114
0.252285 0.399344
0.024726 0.169717
0.291684 -0.432198
0.713162 -0.483386
0.070634 -0.553100
-0.776807 -0.472905
-0.574646 -0.976136
0.535858 -0.367419
0.781813 0.954087
0.159609 0.402432
-0.338594 0.703874
0.108828 -0.516566
0.138553 -0.330898
0.679153 0.975921
-0.106798 -0.611301
0.171760 -0.043068
-0.389902 0.355439
0.355708 0.410214
-0.435269 0.390614
-0.396794 0.453741
0.528213 -0.882774
0.080601 -0.672875
0.390771 0.955837
-0.364337 0.613375
-0.220272 -0.308516
0.764363 -0.927403
-0.190052 0.084095
-0.283548 -0.661355
0.877740 -0.741451
-0.419998 0.860294
0.083394 0.287696
0.539294 0.262926
-0.809793 -0.744457
0.151476 0.256994
0.126684 0.513603
0.793656 -0.620773
0.089574 0.924161
-0.017845 -0.832852
0.323100 -0.544292
0.712662 0.325644
0.310192 0.855699
-0.548443 0.420378
-0.608684 -0.856213
0.426975 0.997223
-0.350838 -0.474797
0.777494 -0.860983
-0.964582 -0.647707
-0.222543 0.152107
-0.599049 -0.686877
-0.801638 0.269627
-0.856957 -0.384508
-0.251876 -0.125833
-0.940173 0.565028
0.805267 -0.195101
-0.519102 0.675430
-0.107647 -0.261028
-0.244573 0.543065
0.256262 -0.932374
0.601577 -0.061835
-0.574130 -0.857899
-0.284263 0.997475
0.248208 0.206232
0.036522 -0.838286
-0.816459 -0.635111
-0.902814 0.593577
0.060382 -0.698586
-0.164616 0.611969
-0.587579 -0.690415
-0.716139 -0.738229
0.216251 -0.069635
-0.775420 0.227082
0.198350 0.288093
0.748137 -0.734464
0.197089 0.826453
-0.909006 0.882039
-0.758939 -0.276847
0.635437 0.271771
0.114717 -0.453729
0.608036 -0.284978
0.345221 0.727442
0.569026 0.297486
0.545841 -0.824974
-0.715710 0.168197
-0.038108 0.879203
-0.579595 -0.975218
0.138680 0.639009
0.998776 0.805037
0.915305 0.089831
-0.514016 0.396891
-0.035316 0.453944
-0.448381 -0.910063
-0.463101 -0.544774
0.195264 0.541156
0.816554 -0.687708
-0.922738 -0.973373
0.900844 0.557426
-0.711608 0.402671
-0.707354 0.943209
0.372418 -0.435242
-0.534439 0.968027
-0.339112 -0.567164
-0.134334 -0.155487
0.248737 0.074268
0.070353 0.505527
-0.133480 -0.068328
-0.071916 -0.675396
-0.795034 0.073839
0.739241 0.737978
-0.519038 0.786238
0.403010 0.121074
-0.493775 0.898401
0.132114 0.598935
-0.609293 -0.172314
-0.219592 0.207174
-0.563152 -0.176956
0.173410 0.907901
-0.136931 0.355185
-0.791882 0.310769
0.469997 -0.435564
-0.892693 -0.098547
-0.017453 -0.332175
0.631475 -0.973039
0.525454 -0.596983
-0.369545 0.697128
-0.007391 0.827204
-0.854872 -0.446708
-0.851094 -0.793724
0.946567 0.057981
0.289241 -0.258143
-0.733824 0.600359
-0.175045 0.566008
-0.937679 0.410240
-0.672004 -0.230754
-0.126352 -0.113020
-0.149399 -0.805014
0.616871 -0.033963
0.643158 -0.617218
0.257291 -0.144620
-0.213031 -0.977629
-0.202425 0.618245
0.840742 0.922430
-0.882094 0.062349
-0.356617 0.534114
-0.315260 0.991157
-0.879869 0.023966
0.043585 0.129510
0.206235 0.927178
-0.062839 0.588989
-0.671060 -0.339132
0.597007 0.670563
-0.040328 0.519948
-0.203377 0.332547
-0.362200 -0.671460
0.492892 0.283154
-0.601213 0.281653
-0.564164 0.268720
0.064868 -0.568127
0.598844 0.639394
-0.703218 -0.943150
-0.470751 0.961314
0.867969 0.155893
0.292701 -0.485667
0.809683 0.442883
-0.317911 -0.952413
-0.469455 -0.632762
0.112494 0.058029
-0.650478 -0.453230
0.090460 -0.329910
-0.825619 -0.249913
0.982235 -0.287066
0.299313 0.058974
-0.350828 0.606827
-0.007724 0.617034
0.979175 0.630008
0.634890 -0.292801
0.180482 -0.201928
-0.717506 -0.808603
0.169380 0.015255
-0.536613 -0.472108
0.389567 0.437475
-0.611518 0.336340
0.256478 0.708056
0.625582 0.226533
0.890340 -0.309852
-0.062624 -0.704197
0.865350 0.980527
0.042248 0.817733
0.071980 0.913290
0.974071 0.101620
0.155099 -0.474405
0.918268 0.834910
-0.069955 -0.418852
0.788017 -0.275612
-0.768640 0.806208
0.241059 0.078226
-0.932252 -0.375248
0.970046 0.384281
-0.455614 -0.993059
0.050632 0.791151
-0.701526 0.857754
0.972845 -0.037068
0.731026 -0.153125
0.293781 0.618521
0.465824 -0.080179
0.030496 -0.919809
-0.206426 0.281725
0.041669 0.909306
-0.457360 -0.416987
-0.114227 -0.519664
-0.868401 0.586152
0.812592 0.217943
-0.074574 -0.218933
0.067044 -0.534779
0.947394 0.437030
0.701728 -0.693823
-0.074589 -0.882533
0.106592 0.925136
-0.279410 0.540726
0.919068 0.560307
-0.767789 0.540761
-0.480654 0.106371
0.972625 0.859680
-0.967203 0.570393
-0.219375 -0.728383
0.775940 0.454554
0.845433 -0.666888
0.410635 -0.781916
-0.684413 -0.778104
-0.002632 0.100099
0.305970 0.267146
0.645778 0.783743
-0.875732 0.161402
0.476390 0.198281
0.858586 -0.502156
-0.003947 -0.563419
0.627580 -0.786989
0.954691 -0.356233
-0.827058 -0.116250
-0.435755 0.239717
-0.482442 0.767302
0.249308 0.514096
-0.036369 -0.524977
0.284670 -0.870474
0.835205 -0.952824
0.467712 0.078742
0.598758 0.273208
-0.273388 0.594875
-0.895982 0.127700
-0.429943 -0.844469
0.623046 0.530293
-0.770169 0.630971
-0.341304 -0.826827
-0.910450 0.223567
0.094591 0.576742
-0.282159 -0.269622
-0.055318 0.077998
-0.424712 -0.430486
0.463341 -0.862671
0.177534 0.342720
-0.140599 0.112167
-0.185399 0.342130
-0.240134 0.664669
-0.512632 0.913404
0.533180 -0.782029
0.109547 -0.977849
0.389159 0.576126
-0.925630 -0.808819
0.895549 0.852684
-0.577811 -0.497312
-0.688660 0.554386
-0.693993 -0.960131
-0.976904 0.928492
0.258983 0.126000
0.763854 0.805237
0.375243 0.018845
0.913978 -0.456956
-0.659772 0.501751
0.544669 -0.130144
-0.183362 0.878860
-0.099612 -0.207143
0.603485 -0.564101
-0.286469 -0.105493
-0.967750 0.193659
0.565739 0.776465
0.421217 0.872618
-0.992753 0.247618
-0.791280 -0.229824
0.160835 -0.965698
0.279632 -0.935202
0.031684 -0.089028
-0.770796 0.580749
0.083204 0.616969
-0.796577 0.893687
-0.498892 0.325257
-0.292095 -0.411853
0.457839 0.760515
-0.383973 -0.418857
0.100239 0.915294
-0.070020 0.434605
-0.402887 0.596012
-0.810388 0.520312
0.507412 0.149176
-0.062686 0.634231
0.112804 -0.760823
-0.490808 -0.289294
0.379240 0.841266
0.850624 -0.200781
0.339632 0.929316
-0.562860 0.281400
0.560510 -0.699214
-0.142299 -0.225740
