-0.411775 -0.896109
-0.772367 -0.902298
-0.811556 -0.254723
0.745938 -0.980892
0.517568 -0.908894
0.133692 -0.221182
-0.415271 0.670907
0.306026 0.710591
-0.360851 -0.925593
0.826071 0.836184
-0.514907 0.432409
0.821882 -0.845613
0.441596 -0.988208
-0.878960 -0.310136
0.132012 -0.731994
0.969778 0.892989
0.786103 0.777524
-0.207862 -0.692728
0.754379 0.094299
-0.387950 0.835080
0.683401 -0.401584
-0.380646 0.972101
0.091891 -0.457784
0.924607 -0.301772
0.022985 0.398126
-0.272616 0.818215
0.392460 -0.509004
0.505784 -0.752617
-0.945764 0.382674
-0.050319 0.561623
-0.910729 0.998639
0.568868 -0.912998
-0.311588 0.668295
-0.074901 -0.751230
0.396072 0.468827
-0.224613 0.236666
0.318711 -0.330043
0.408135 0.504891
0.913710 0.919608
0.187315 -0.448992
0.561687 0.250693
0.834419 0.675072
-0.692041 0.588949
-0.199397 0.054799
-0.581145 0.097242
-0.028710 -0.207305
-0.041937 -0.454662
-0.156280 -0.903127
-0.737503 -0.382387
0.923716 -0.712634
-0.485466 0.317506
-0.274465 -0.589785
0.943123 0.942948
-0.378912 -0.281345
-0.041951 -0.632175
0.212658 0.543853
0.547040 0.749306
-0.472931 -0.720424
-0.369930 -0.988353
0.563197 0.874516
0.560258 -0.176382
-0.685264 -0.028675
0.271267 -0.057047
0.134514 -0.466855
0.307334 -0.539638
0.121133 -0.560257
0.363295 0.423258
-0.488734 0.083370
-0.706849 0.644653
0.100932 -0.689437
-0.157381 0.513196
0.714512 0.230102
-0.388542 0.281291
0.795650 0.686436
-0.291135 -0.411314
-0.605408 -0.193416
-0.302186 -0.885199
0.641284 0.884691
-0.616068 0.408203
-0.245482 0.565324
-0.548397 0.761032
-0.034538 -0.323378
-0.705597 -0.688853
-0.364767 -0.715127
0.661010 -0.205582
0.481640 0.123219
0.592181 -0.728676
-0.233956 0.884114
-0.935907 0.001166
-0.712008 -0.349268
-0.400831 0.470405
-0.013184 0.665306
-0.077577 0.466359
0.692459 -0.863899
0.011482 0.753550
-0.077986 0.759748
0.683607 0.193142
0.108337 0.802924
-0.585025 -0.212837
-0.912920 -0.970588
0.175291 0.457621
0.224719 0.109901
0.749712 0.803115
0.822580 -0.346367
-0.844801 0.783144
-0.074758 0.736891
-0.977380 -0.747737
-0.343899 0.553608
-0.349498 -0.102414
-0.704858 -0.560820
-0.301923 0.542372
0.827330 -0.155978
0.463625 0.015031
-0.249733 0.775218
-0.561300 0.681615
0.404348 -0.319933
0.963778 -0.297810
0.533830 0.563502
0.847638 -0.359501
-0.320107 0.710697
-0.530500 0.218365
-0.202457 0.881493
0.509969 -0.707522
-0.425566 -0.746218
0.487545 0.877270
-0.493139 -0.083376
0.049215 0.742261
0.259101 0.708669
0.936632 0.120758
0.113715 0.987487
-0.284507 0.326107
-0.743881 0.580995
0.870436 0.528633
0.511538 0.045085
-0.333819 0.626053
-0.960981 0.071012
-0.425117 0.010978
0.609917 -0.882995
-0.986640 0.632773
0.316359 0.509399
-0.912045 -0.093236
-0.633304 0.382962
0.137841 0.750078
-0.312165 -0.487638
0.270946 0.926486
-0.718743 -0.399743
-0.283327 -0.324839
0.687337 0.027208
0.383822 0.277662
0.099027 -0.970637
0.956796 0.741618
-0.322387 0.380642
-0.573949 -0.625501
0.674887 -0.604499
-0.196844 -0.826497
-0.095719 0.333288
-0.621339 -0.964783
0.588116 0.082220
0.891892 0.766064
-0.389505 0.569145
0.618019 0.711474
0.322979 -0.981300
0.827702 -0.499603
0.468645 0.167296
0.415075 -0.680137
-0.179631 -0.010060
-0.411041 0.433574
-0.507376 0.217739
0.386675 -0.025341
0.338721 -0.484425
0.287522 -0.333052
0.041598 -0.139605
-0.956044 -0.280832
0.644606 -0.189821
-0.408381 0.477970
-0.790595 -0.001059
0.532312 0.269809
0.418996 -0.493893
0.723484 0.166438
0.825494 0.564223
0.095097 -0.003065
0.975175 0.277059
0.028436 -0.702649
-0.906713 0.165583
-0.230002 -0.860199
-0.664902 0.972211
0.359447 -0.402571
-0.742644 0.098438
-0.720411 0.087783
-0.287064 -0.480542
0.023048 0.546888
0.648568 -0.394683
-0.873740 0.426765
-0.706852 0.818228
-0.230152 0.833119
-0.848111 -0.254718
-0.799329 -0.137002
0.856685 0.415013
-0.866066 -0.093137
0.004849 -0.741526
-0.567216 -0.649510
-0.957773 0.962527
-0.213613 -0.500556
-0.151037 -0.429683
0.009726 0.507455
-0.391845 -0.650554
0.141033 0.637415
-0.369515 -0.178784
-0.267788 0.629094
0.236302 0.414577
0.449457 0.395348
0.387563 -0.292769
-0.870715 0.030681
-0.938374 -0.484071
-0.797248 0.517906
-0.428191 0.037035
-0.212712 0.263322
0.721419 -0.385337
-0.969113 -0.223131
-0.886254 0.029562
-0.487135 -0.167568
-0.452929 -0.063296
0.519871 -0.775832
0.514441 -0.004195
-0.896601 0.509568
-0.092687 -0.041501
-0.921715 0.992805
0.571551 -0.699105
-0.079115 0.533834
0.602236 -0.367225
0.412253 -0.560789
0.197586 0.318209
-0.948056 0.137877
0.620020 -0.673851
0.205239 0.075820
0.899279 -0.517645
0.995309 -0.600314
-0.568448 0.516991
0.280337 -0.206820
-0.493827 0.132982
0.106314 0.451735
-0.894397 -0.586703
0.804769 -0.141539
-0.837739 0.254627
0.750640 -0.947401
-0.160467 0.721560
0.552778 -0.244702
-0.972110 0.479538
0.437962 -0.940241
-0.126290 0.713393
0.036373 0.628727
-0.391800 -0.664115
0.470743 0.506916
0.119944 0.961996
-0.136008 0.025898
0.396972 -0.063800
