-0.896801 -0.949332
0.318828 -0.109168
0.958808 -0.280682
-0.316469 -0.230545
0.159275 0.817681
0.970166 -0.996553
0.415502 -0.754613
-0.830065 -0.699876
0.502403 -0.722398
-0.130021 0.421124
-0.562000 -0.856464
-0.077615 0.962834
-0.230443 0.483237
-0.862687 0.541647
-0.680219 -0.210882
0.167650 0.248289
0.437103 -0.380138
-0.145449 -0.704246
-0.221467 0.885745
0.453477 -0.150495
-0.253347 0.877443
-0.337824 0.936975
0.104814 0.330134
0.572138 -0.874673
0.680664 -0.714168
0.769116 -0.079653
-0.569549 0.445662
0.575058 0.971370
-0.323366 -0.324198
0.782871 0.432630
-0.311045 -0.934335
0.824261 -0.903871
0.786168 -0.561925
-0.037051 0.351662
0.638258 0.578740
0.989945 0.602573
0.945743 0.891782
-0.815639 0.476879
0.115769 -0.667937
0.042093 -0.355385
0.158056 0.708146
-0.087080 0.381259
0.439235 0.626130
-0.586838 -0.139237
0.913190 -0.337205
0.376740 -0.459506
0.107450 0.290316
-0.519125 -0.474688
-0.918544 0.413050
-0.043386 -0.730436
-0.601832 0.089580
-0.401013 0.003123
0.560123 0.619432
-0.775653 0.663739
0.111323 -0.768127
-0.411015 -0.316952
-0.074005 0.023570
-0.761571 0.693883
-0.120111 -0.066851
0.694412 0.366750
-0.557276 -0.018140
0.330113 -0.054922
-0.574166 0.590070
0.502460 -0.534662
-0.181202 0.782264
0.195034 -0.419666
-0.814796 0.543538
0.361574 -0.615991
0.711345 0.138350
0.129653 0.251186
-0.947032 0.977349
0.886971 -0.576221
0.433878 0.374899
-0.398646 -0.542827
-0.784453 -0.095388
0.144631 0.507524
-0.439120 -0.984981
-0.805776 -0.352838
0.138009 -0.115374
-0.519440 -0.417571
-0.839808 -0.936976
0.044700 0.324185
-0.465384 -0.403440
-0.831902 -0.125543
0.459474 -0.770205
0.611925 0.599548
0.663762 0.705398
0.584346 -0.967158
0.627827 -0.520933
-0.861615 0.686995
-0.825477 -0.353473
-0.993228 -0.585825
0.829374 -0.774963
-0.091389 0.690143
-0.636617 0.354744
-0.487200 -0.359656
-0.544717 0.315237
-0.507072 0.228957
-0.006092 0.065988
0.272084 -0.776020
-0.654045 -0.590603
0.995399 -0.018163
-0.472754 0.950165
-0.462181 -0.962830
-0.921086 -0.370865
0.491967 0.899263
0.346956 -0.323522
-0.462727 -0.772287
0.825758 0.402177
0.869266 0.891502
0.122346 0.245743
0.702170 -0.246100
0.783473 -0.255204
0.291264 -0.654170
0.549134 -0.259967
0.027012 -0.662894
-0.134677 -0.637559
0.653751 -0.729647
0.502047 -0.904382
0.931496 0.184035
-0.704720 0.305252
0.851784 -0.433136
0.696146 -0.113298
-0.314023 -0.075259
0.455497 -0.961336
-0.550106 -0.632688
0.432549 -0.023489
0.233406 0.269175
