-2.76847 -11.0937
-11.9524 5.36693
-8.06628 -26.8077
15.823 -8.09261
10.1443 1.68092
-16.0596 -15.043
0.546159 -18.2313
-11.7429 6.08905
-11.1698 9.94565
15.0234 -10.3263
8.32367 -4.58044
-13.5672 -8.32772
0.101667 35.7005
1.31048 19.8593
26.8443 -8.76119
17.8319 -12.2757
26.4566 -5.1324
-6.67082 -1.51749
-24.5051 -7.49735
6.55581 4.65321
-13.1742 -11.3043
-1.54125 -9.38895
2.31512 -0.352667
-10.0244 -18.778
21.2924 7.43984
5.9545 3.59001
4.40015 -3.29191
-17.1297 -16.9304
-16.8127 11.39
6.32342 -1.43533
-5.60761 -15.3128
-9.63343 2.81534
-15.632 6.54123
-4.18834 0.912355
9.47898 0.621839
6.25894 -12.3185
-15.3273 11.4038
-10.1376 -4.29466
-6.33575 -31.7456
-1.4889 8.55891
8.81152 0.461603
11.6839 9.57168
-12.0998 -7.55219
-10.5535 8.37629
2.19924 24.478
-7.95991 -6.15827
20.6708 2.67753
10.0386 -24.3285
2.40063 20.1093
-15.002 -12.2047
-18.2192 11.1171
12.823 4.09064
-10.9781 -13.132
3.24514 0.577017
9.06386 4.48127
-9.49872 6.78977
15.7853 23.5172
-4.56428 -1.35346
-11.8741 -4.02618
-24.5563 -10.0385
-29.5906 2.84805
-43.8083 26.0542
-30.7822 -14.3202
0.930527 -10.9118
0.665125 -4.96703
4.39624 -1.18461
-10.3606 -11.2411
22.9187 5.38893
-8.27121 -6.86807
-0.805164 4.2123
24.9747 2.74209
-9.16292 14.0483
0.630923 12.4459
-1.11669 -8.64493
7.17678 -6.60187
31.4782 -7.84115
-5.16795 24.7684
-9.08738 -5.16243
0.389978 0.946546
8.4875 -5.39608
-8.11321 4.24374
7.07556 1.0319
11.653 -4.94924
-17.3053 -18.6246
19.1424 8.91534
14.3904 5.93491
0.0901756 25.9658
-0.315064 10.2413
3.25801 -9.53141
-5.88273 -0.0783081
-10.5227 -12.0583
-6.40762 17.9207
-25.1333 -9.69909
7.6846 29.1222
-10.3567 -0.20681
13.1635 17.5694
-1.22305 -6.19668
-40.7935 -32.2068
10.1204 -16.6841
-8.62989 8.52989
5.59596 -16.7617
5.39672 -2.62142
5.19788 -11.4157
-6.81429 6.90754
-1.17047 5.95017
-13.5159 -4.37779
-10.5256 15.6374
7.5459 6.5378
-8.83697 -5.79185
-12.9209 -29.2109
-10.206 16.3674
-8.07851 12.5071
5.74233 3.62253
13.3202 4.90983
-22.5792 -8.83168
-5.6851 17.7109
-1.68447 -17.9834
13.272 -8.76797
8.07234 -5.25118
-11.0887 -7.48352
37.1322 12.2254
20.3696 17.1312
-20.5748 -1.04689
8.35387 -14.8497
8.09907 -10.6086
-19.2853 0.519258
-21.3326 -3.89587
2.70797 -8.49408
-11.3031 -21.3338
-6.94367 -4.95131
-2.40527 13.5493
3.34848 -9.69314
-10.3451 0.904898
-0.309686 -2.70399
-5.16121 4.38489
-11.5939 1.76372
7.75529 3.51713
-15.4287 -1.32873
6.51267 -19.8885
-10.0219 -15.2873
-2.15523 17.1077
-1.49944 5.23171
0.455412 5.46328
9.99048 19.7064
10.2388 -9.81733
20.0073 5.01072
0.215756 -28.3903
-4.63144 15.6995
-1.88213 -4.72832
-17.4734 -0.118444
-5.86749 0.350739
-10.8776 12.7519
0.0140271 3.7551
0.286013 -25.7013
-12.4595 -4.41211
10.4323 -4.72811
0.0419998 7.99314
10.748 -10.1441
13.9203 -1.62146
2.25018 2.21378
19.8073 -7.37864
-0.061841 -5.60258
28.6643 -21.374
6.21399 18.4971
-8.08158 6.83513
0.810912 -12.1595
-11.8209 -20.0173
7.80053 2.60917
-15.3838 24.1125
-15.5806 6.749
4.94453 -6.69335
-14.8881 -0.190578
11.9925 -7.57732
17.3946 18.6827
-12.1443 9.79055
8.29726 -6.42082
9.82547 26.5348
-2.59833 -14.7412
-12.3596 6.96378
11.3154 -1.09341
14.7469 14.9047
5.95305 14.8508
1.68515 -9.61765
20.2954 -12.5442
-11.1378 17.2828
11.1865 16.0467
23.6786 7.08167
7.89284 15.6118
17.2154 -9.54272
-13.3625 -2.60649
-2.51493 -23.1467
-22.9326 -16.1946
0.925816 24.8461
-6.25645 -5.67337
0.786207 3.89821
0.38129 1.3891
-1.14813 8.6383
-6.29232 19.0224
-8.57443 2.57347
4.2015 9.45798
0.191221 -11.1959
16.5957 6.70136
15.7149 2.65589
7.91694 1.49618
-2.223 -13.8372
7.93708 -4.59251
8.41828 -6.17669
11.4067 12.4324
21.9211 -22.6337
2.2452 -12.2103
-11.552 0.803005
15.4197 -15.1965
-2.71191 -37.3541
3.46506 -13.1471
25.2446 6.92302
14.1805 14.5309
0.594945 -14.0471
-15.0961 -10.9773
-21.8202 -9.41572
8.61901 -3.39393
12.6189 -10.342
-6.50905 -9.53002
1.05332 1.75145
7.31209 5.50547
-13.7294 17.8268
7.49507 12.2618
-11.3369 16.1806
-10.617 -0.288796
0.587735 1.09943
3.67215 -7.15992
-8.19296 -8.59572
-13.9717 18.7222
-26.1951 -12.6867
18.2831 5.03372
31.676 -13.9439
-0.359831 -9.70845
-0.574446 21.0423
3.02472 -5.89007
1.29364 -6.7313
-11.395 1.8958
25.6209 4.0701
29.2267 -0.535275
-10.0686 7.15354
2.32099 -22.5394
-0.19038 6.97618
13.723 8.15722
18.1905 -21.724
13.4787 -14.8319
12.8802 4.01309
10.8959 7.74544
-7.08028 14.5569
-15.7783 20.432
11.6523 10.0798
-1.57606 14.0044
0.46216 -13.5823
-6.50788 0.879427
6.99816 -3.27416
-2.58207 12.712
11.3314 3.16405
-9.16961 -5.92906
-7.04702 -19.0034
1.8242 7.90951
25.894 -11.9381
-4.18149 -6.83378
12.9773 10.7667
-25.1222 -5.13554
11.7984 -0.853451
18.052 -14.1421
-12.6097 1.57259
-16.6071 3.84783
-3.3327 13.2784
13.3255 4.65376
-7.23698 4.45771
-33.8749 -7.83507
-9.6519 11.1002
12.8598 -12.1163
-12.0851 19.6992
-6.23452 30.3195
-1.06576 -1.17162
-18.6216 -10.293
-10.0016 -8.97003
5.44117 15.7476
-10.9365 2.17412
-5.59693 -19.9596
-4.77069 21.0987
1.67609 18.9767
-9.2292 4.50592
-8.89792 1.3242
-12.2967 -9.67815
13.9834 -9.92861
-8.64723 4.20321
-18.3216 -0.925874
-3.44043 -18.0132
-4.84674 6.63332
10.9403 7.04054
-8.49101 -1.764
18.1559 -10.5933
4.16534 5.92864
-2.25411 -8.27612
16.637 -7.75165
7.38264 -1.56054
-15.2124 5.26849
5.25287 -16.1788
11.8799 -1.33905
-14.071 7.65779
8.6926 -33.1627
15.7455 13.5478
21.5664 16.2463
8.55545 -11.1842
-16.2183 6.0384
-4.73819 2.53948
-10.3274 18.2383
13.0754 -7.21364
25.1943 -4.53649
-7.58094 14.0838
15.6303 -12.9585
6.80162 3.80594
-9.32014 3.45657
-20.12 -7.55783
7.0283 0.714704
8.09887 12.9664
13.7574 2.30546
1.04793 23.2298
-13.3809 -11.8685
-8.93215 -5.08154
19.4645 3.19213
6.76623 -17.223
12.5815 5.77378
2.96803 1.44586
-7.36135 11.1244
0.62372 -9.47805
-3.05401 -8.49096
8.85314 16.0369
-8.52304 -3.53796
-0.228387 14.9537
-2.59424 -5.56339
13.4123 -24.4218
25.6947 -0.122121
14.2863 16.5793
11.6421 -12.822
-11.478 4.411
-7.27622 -5.97182
15.0065 -15.8525
15.9965 -11.37
-23.3266 -9.38088
-0.551633 -10.779
12.8519 8.29764
-22.9338 5.61659
19.8034 19.1887
-2.09002 1.26913
11.4704 -10.768
0.784301 13.9036
3.2231 -10.2489
32.5008 -18.1992
19.2982 16.2839
9.89719 -1.80156
-11.333 -27.9596
-20.9708 -10.8101
-25.4774 -2.72628
15.3524 -9.858
-24.9269 -1.75823
11.2174 3.09224
11.6092 -14.6302
7.02184 -3.39537
13.5986 3.32457
-15.3756 -22.0084
-2.51012 -6.19141
8.82539 -2.00987
0.290563 11.4811
5.9882 -3.42454
-1.06844 -21.039
-12.6553 34.5299
6.42961 8.75823
4.68484 43.067
5.71258 -31.2792
-21.9653 18.0392
-14.8421 2.60648
16.2195 15.449
-7.22889 -6.99362
2.13292 10.6396
-6.66604 0.513396
-16.075 0.886112
-16.442 10.7377
13.5786 -18.6529
4.3468 10.8331
19.2417 6.39783
-3.16816 -1.40693
-14.2297 5.50181
-30.3258 3.19069
-10.0733 -8.93983
-6.87197 7.34927
10.0403 -0.463655
5.00648 -16.7243
-7.52304 6.20254
3.08128 9.58041
-10.5938 26.2345
8.77827 4.0177
12.8396 14.9152
-4.08716 -5.93944
-11.2015 4.67446
-1.77142 -15.6333
-10.6135 9.84161
-15.3446 -33.6405
3.52171 3.60444
2.52524 -1.92051
6.36394 24.7638
-0.270703 17.4388
-6.59563 -11.1473
6.05105 19.7868
-1.61953 6.41809
7.61204 9.83317
-2.27253 -24.6522
25.4505 18.0337
10.4946 9.6365
6.89378 -13.875
0.22612 -22.4137
-14.9359 -1.23395
27.3663 -10.2407
-1.7028 2.5995
-26.4996 3.18326
-1.05926 10.7196
13.7866 -4.50601
-5.77171 20.8545
3.09511 -19.7333
-9.5518 17.5206
-0.654043 -2.60373
-5.78323 7.73162
2.44165 0.159432
5.98502 11.7995
1.28973 12.2221
12.5878 2.81457
-9.74429 7.73073
0.713159 -7.72937
-18.2818 -18.1406
-17.8644 18.1102
-0.0657187 -9.89013
13.4606 14.7786
-7.81035 -1.83627
13.981 9.62403
-3.91052 -16.8372
6.88885 16.1563
15.627 -2.17955
9.54001 -21.5439
-14.5924 22.3369
-12.4645 5.64198
14.8553 11.8682
4.2978 -13.2022
19.9713 -8.97394
-28.0235 2.65462
-11.0468 4.46303
-8.79387 7.70259
-5.90708 1.01359
3.81892 -0.809421
6.04803 12.3969
-5.58117 -15.6607
10.4424 26.4517
-9.18558 3.79515
13.6575 -3.6902
-11.4019 6.89417
14.7922 -14.9042
-8.22187 -12.154
-19.7743 8.59859
-1.50543 10.8639
-7.85825 0.607524
9.26776 -0.612153
31.4282 -18.6622
-9.79329 -4.74739
3.01573 -9.46887
11.6472 -5.1506
13.7662 -22.7182
-11.5897 17.1635
-14.3741 -9.51492
3.39974 14.3007
-10.7569 5.4687
2.80229 16.2166
24.6592 -1.90191
0.950702 -15.121
22.5155 -14.2897
14.0849 -19.4513
6.89211 0.553721
1.91888 26.7162
5.5883 -9.06968
14.3496 -5.28712
-5.5602 8.32351
0.632505 -5.26294
5.7545 -4.35695
-4.03979 8.08855
-14.1704 -2.8844
5.34862 0.110962
-6.25648 11.7035
-0.26392 47.5667
15.4239 -5.15377
16.8983 5.30001
10.5528 -13.8566
-2.69996 2.97411
8.05762 0.0188633
-0.518352 -25.5865
-0.961307 14.7449
-12.7285 2.42201
12.4835 8.07276
2.22208 10.4568
-8.97517 -9.71986
-15.3489 -6.82252
11.179 -15.6113
-0.640839 5.93215
-9.79243 4.6825
-2.01462 9.60265
-16.4899 1.66864
5.28732 1.74511
-16.7367 5.52124
33.9989 -9.31413
18.3488 1.16011
