-0.939827 -1.76001
-3.84813 -10.4691
17.9443 -1.39978
-10.1517 19.2249
-11.1972 -4.4816
29.5934 0.0247192
11.5882 -17.8893
-25.0949 8.13615
20.9714 -19.2013
-23.8469 -21.2328
-45.8761 -4.52472
-9.9944 -1.5268
-17.9312 -30.0802
-1.33551 -27.7183
0.934677 -27.8188
-23.4442 11.0262
-5.29305 2.41601
28.8873 -7.10415
3.76437 -26.915
-1.45245 -6.39673
-32.8614 -12.6623
23.9124 -27.6591
16.1305 -12.3821
1.15288 -26.4209
-27.047 40.4663
-6.54108 3.03347
4.43178 -27.2251
11.9203 -21.6639
-8.83928 -13.1806
5.4252 -47.5423
12.6344 14.2591
-11.723 -3.40479
-9.1528 -14.4031
-0.475445 -3.8152
0.372709 23.1604
-0.742111 25.0374
6.71584 -32.2408
-4.48324 -11.2069
22.521 36.3802
7.89502 6.0504
-15.7371 -11.3997
10.3123 18.2165
-4.6048 11.3649
17.0845 22.8354
-2.16334 25.7134
9.93976 11.9874
16.7097 -0.0647488
-18.7922 3.72646
24.1015 4.72264
6.93521 -9.20712
1.92523 -3.858
-26.9411 -33.6006
41.9837 -28.8395
7.09405 -18.8942
24.537 -1.03268
0.979472 -25.9684
5.83358 -15.996
-11.6631 -25.4654
-11.8438 -13.8153
25.4316 12.012
13.4858 0.500876
20.0078 14.4552
0.468202 -2.81922
1.36576 -41.5577
-13.1889 -11.3098
-44.007 -14.5673
2.58875 -8.68726
28.3092 -36.2481
-32.1328 19.0084
-8.49315 5.51785
24.6051 1.53631
-45.3228 8.47372
4.19858 2.6773
-22.2396 -3.54226
16.8831 2.90624
-5.82112 -48.9705
-11.5175 21.6331
-6.27117 20.9163
21.8471 11.3112
20.2175 20.4919
-9.68379 -4.21107
-4.87125 17.3122
-3.73232 -17.9773
30.699 -14.6785
0.510621 9.05862
23.154 -0.756666
39.521 1.92516
25.9825 6.74564
-28.489 -22.1328
-9.80516 -0.942823
-10.0581 34.8349
8.26207 -5.82626
18.9234 -13.6462
0.54248 25.5761
4.77672 -24.7626
-23.0274 -12.755
-22.2665 -4.80189
-17.0276 14.7379
12.6282 8.27642
-0.717576 -5.09416
-5.3554 -15.3323
40.075 26.6082
-28.7857 4.15237
-20.522 33.4394
23.9949 -20.3707
0.283599 5.38498
-1.05489 -4.25745
4.58138 3.29068
22.1928 28.0004
9.53034 -13.4078
12.5954 -22.0302
-4.27783 23.659
-8.26122 38.0861
26.4421 -5.38578
4.90823 21.9637
-0.113008 8.95679
-3.38643 -3.96512
-3.02851 -15.6527
-9.68819 7.56011
21.2012 41.2844
-2.2202 -1.49587
-1.36472 4.13178
-18.2433 -14.5653
11.3039 41.8495
7.61597 22.8505
15.0394 24.6166
-29.1378 -1.12681
-14.5373 25.4676
-6.53121 -24.7489
-26.5619 2.36253
-14.9119 11.6224
-15.8085 -27.687
-42.9767 8.73742
15.2936 -1.14364
7.31429 32.8666
13.9818 -18.2643
9.37489 -9.3618
0.134822 4.20326
-10.5258 -21.3349
13.9204 16.8201
22.1961 -17.2189
-42.2717 20.5087
-9.06842 -4.54079
21.6956 22.8287
-19.6352 23.8771
-24.0493 -30.7259
-23.1427 8.68404
20.0686 -21.5481
-5.66451 -8.56246
31.1672 -1.51348
-21.5008 19.6917
-27.7264 -5.31103
-3.51045 37.7052
-11.9606 -16.5391
50.3163 33.9529
11.6791 -32.9669
-26.6457 -27.4352
-16.7438 17.8318
5.11396 3.69622
-9.97914 -16.1769
-16.6727 -19.6588
-7.51094 2.46612
12.2655 1.31396
-10.6887 21.8219
-47.1732 28.6879
10.5857 -0.498312
5.67915 -5.9881
-20.4376 15.9018
-20.3686 -19.0736
-9.77052 4.32156
-53.3309 16.5057
-14.8127 17.2555
10.7813 -0.594765
27.5579 -0.35926
22.2108 0.749605
-16.3487 6.52123
-35.5163 -15.2445
40.2509 -14.4246
26.0448 11.5548
6.06071 24.9048
18.8683 21.3625
-8.01001 -15.1186
-0.121172 -21.4726
8.02225 25.0578
-5.19041 34.5699
25.5354 5.01175
13.52 -12.5177
25.096 15.6292
30.4653 -23.5047
-23.7904 -15.7923
38.07 13.9592
-32.6141 4.63806
-31.4696 10.5095
-15.2257 -3.59402
-12.5421 -29.725
30.8715 7.50689
-16.8528 -33.5494
3.3508 20.3864
-2.49926 -11.0109
-13.758 -15.8482
-10.9701 10.9922
-4.01195 19.5738
19.7033 -13.678
-1.7577 -40.8479
-15.9885 -8.1817
5.0724 -19.5911
-26.6826 -7.43949
10.5828 -43.4115
11.7989 -1.32696
-23.932 -22.6022
3.87844 -18.6545
32.7181 17.8404
-8.26102 4.81042
5.76872 31.4723
12.1699 -22.4794
19.5411 -13.1087
22.1726 23.223
5.66011 17.2904
10.1764 -12.8584
18.4981 -14.2158
-14.5791 2.95947
-25.9377 -34.4457
7.50656 -16.4085
-20.1699 17.1253
-14.5571 -2.24929
-20.591 -18.4949
6.1875 -31.4763
3.66172 -2.2638
-3.74399 -7.21281
-4.9415 -4.95782
16.0175 10.2438
-25.2189 14.867
9.86709 1.59736
9.02751 -30.606
-23.8821 -2.15468
30.2133 11.4666
-20.5158 15.9314
-23.0274 0.0550995
8.53863 1.66182
-11.3211 -21.783
-18.1216 24.1972
15.4823 -4.54481
5.90992 -2.85467
9.73747 8.29672
33.6914 26.0539
-6.69332 3.69032
18.9249 -2.38796
5.52793 0.415097
-14.9219 -21.4065
-11.6807 -4.96613
-28.3498 -30.3329
-18.8337 -5.25754
-1.67642 8.83377
11.6756 -17.6563
-7.02947 9.63869
-26.5654 19.311
-1.62896 26.8951
16.4006 16.0515
-5.33696 -19.465
-12.4227 -10.5573
23.6611 -16.5633
14.2166 28.9654
0.566749 -35.4674
0.27614 -4.54251
-27.9033 0.376539
-37.6973 -7.78835
-22.3758 -5.26871
13.7477 8.66367
-12.7887 15.8459
1.8833 36.2684
-5.63571 -25.6228
24.049 -2.58886
0.590881 -11.8428
10.4612 -8.92433
14.8301 -18.0264
5.55709 -17.9836
39.7509 -35.9486
-8.5325 -26.8246
17.3073 -7.25848
-20.9412 24.2662
36.0933 13.947
-3.21581 7.90611
-18.0855 14.9814
-9.35064 -21.7561
-8.1877 -2.19387
42.3032 -12.9902
19.1854 30.131
29.0625 11.1419
26.7116 2.22538
-5.02286 20.3559
-22.9082 15.6808
-16.1332 16.2164
10.5367 -15.2481
18.6946 -0.338737
27.7282 -19.4492
-39.1481 1.10436
-16.2607 -14.0773
-19.2358 9.67474
8.53359 -6.8925
17.5396 -7.30816
-21.7554 2.85305
-25.3696 19.6875
-5.255 -17.6025
-1.46335 -5.94582
-12.1831 4.8011
15.3207 13.4853
1.74521 30.4799
12.1393 2.95448
-12.0451 -34.5519
-14.3748 9.18481
2.6502 32.4958
9.76871 9.99629
-10.1489 12.3333
-0.0655441 33.3033
4.56452 7.6711
9.47731 -6.29209
8.88069 7.21384
-28.6624 -7.70029
14.4197 7.82165
0.340103 -13.603
23.2863 -14.3596
-4.56781 -3.13058
21.607 -6.73773
8.55507 10.2369
22.4572 -28.0441
-9.80269 33.9452
-5.98577 -7.56334
33.4682 22.4
3.04343 0.988797
18.2981 -29.1
-4.00325 -0.370253
43.2169 -44.4462
6.38703 -18.4121
-29.6242 -18.4954
-12.7627 -21.4214
-6.77419 12.1591
-14.7465 8.18302
21.9776 -37.6531
-31.0308 14.44
3.27471 3.09657
13.3165 -42.2727
-2.60839 -16.147
34.3273 17.6508
-10.2222 13.3543
19.2944 -11.6105
9.51953 -23.1239
-15.3555 -2.31631
-6.28858 39.5833
5.53835 9.68315
-29.5447 -16.8622
-6.70897 -15.4054
23.1998 7.17621
18.1843 -9.99116
-19.8677 7.96021
5.45628 -23.8611
-0.453784 -3.96197
-17.1727 -3.83354
-19.2101 -12.2587
-1.81282 3.83307
27.1224 -5.31987
19.4836 -18.5318
10.1154 14.207
-16.6018 12.7775
-24.1084 20.6595
9.43106 5.77457
19.8911 -4.06937
-19.6093 18.0086
-19.8108 5.49717
4.06856 -14.7023
-6.72917 18.6291
10.7624 -8.36487
15.7501 -14.5008
14.0961 -17.9675
3.03442 -3.21523
2.59368 15.5943
1.78687 -21.3082
-11.7106 -7.40641
22.1622 -11.1382
14.987 -9.44352
-7.26462 -2.8734
4.52261 22.6328
19.0908 0.796369
-10.2644 -0.5198
2.15322 -10.5552
-15.3381 -10.7407
-20.1393 -0.525366
10.8099 -1.75101
-1.51657 -12.0384
-9.2661 36.3292
-18.4252 3.84721
3.29571 -8.82721
-16.9941 -7.80022
9.02163 -25.5109
-5.84163 50.6802
25.3343 -7.04638
-49.873 14.9241
-7.04068 -13.1991
30.893 38.5455
30.7171 -19.363
13.696 8.98324
12.1819 -8.32575
-34.9524 -21.5237
21.1559 12.7585
-27.8973 -0.745522
9.90678 -20.9927
-3.81345 -19.3635
-10.502 0.620697
4.26164 14.0772
-15.1806 -16.9537
3.35299 -14.3899
-4.43607 -24.4753
-6.21179 4.97505
-21.4725 -16.044
-7.46519 29.8446
6.24229 -3.97265
-3.53475 -15.7577
14.1435 31.7965
-19.0869 25.3064
-3.52647 -21.4356
31.4935 -8.71492
-12.7928 -12.0037
-18.4387 -2.61537
23.2924 2.67107
22.6046 -15.948
3.40131 -22.7518
9.40708 15.9651
17.3443 -9.51376
25.6703 20.6499
-16.2205 -3.27511
22.1574 5.79457
25.1729 18.2153
10.3033 14.9846
7.94565 22.43
-5.54819 9.8919
38.962 -26.6063
-20.8188 13.7028
9.90208 14.6448
-23.3055 -18.5068
-8.26348 -4.59592
-0.933716 -1.98005
38.9081 2.15469
-36.2409 3.29878
17.4879 -11.2879
-16.1215 -43.1824
-19.2303 1.71639
-8.30911 -8.91348
29.4766 -20.9375
-5.96546 -15.0229
3.96107 -2.63903
-30.9548 -2.65135
-10.1455 -8.48832
-13.4977 18.6901
-10.8135 -0.77083
14.1157 12.734
-1.25726 -20.6071
4.08003 10.823
-7.49571 -1.4934
-3.51723 -25.5169
-14.6623 -10.6974
36.0186 -27.4768
-16.9598 -13.6466
-13.398 -29.2138
29.2525 -16.603
-8.77773 -4.67294
29.6231 8.17428
-5.70288 5.51587
-19.1359 -13.9638
6.72431 23.8133
-12.9871 -23.958
13.8267 3.60242
-10.7103 -7.15796
28.3805 -5.74442
4.59805 -6.25635
3.27363 4.16181
-4.42293 17.9757
17.7479 15.0725
27.5239 -11.3033
-41.1462 3.30649
-13.0128 29.0691
24.5445 -6.75667
21.4809 -16.5458
-5.3774 8.7269
11.0817 10.0957
9.70859 -16.6069
6.1997 -4.84981
-36.7153 -38.9052
-25.3279 -8.93008
-3.46893 4.24171
-5.74516 0.617619
-12.3939 7.98164
-9.60022 -44.4643
-7.08639 -14.2376
-3.41864 21.9791
-9.55971 -13.2408
29.0663 -15.5354
-0.972637 28.8068
-35.9141 -7.16064
6.31726 20.057
-11.4256 -5.05831
-11.0695 11.0496
-2.82695 -13.2302
27.0525 8.41243
-4.05241 -8.22357
-32.4505 -6.03336
8.66616 -24.4993
13.3713 -27.637
-18.2231 -11.6722
-5.07682 16.4117
1.43037 -30.7025
-8.2949 23.1385
-19.5188 -6.91236
19.0483 -35.4039
-25.4402 10.6315
-24.9429 4.77178
26.7363 5.31273
-15.4802 28.2096
0.776512 5.76145
-42.3304 14.2807
12.5748 28.0707
29.946 -29.1427
15.8491 -20.7411
8.37704 -27.8591
9.36198 4.70772
4.54918 10.5831
-12.5252 -0.905581
23.746 -7.74929
-9.98638 -37.4589
-2.65431 -4.02993
9.78697 -7.22541
-30.8612 -4.32615
-4.07715 -2.17434
-21.9376 -1.55573
-0.189188 -4.99502
2.56799 9.35784
-11.959 23.3154
14.8323 3.7755
11.426 1.33384
5.3655 -33.299
-25.9358 11.5129
2.4446 40.9702
-11.0991 -9.29766
4.75086 5.27409
-5.73322 12.9537
9.50656 24.6143
5.27086 -29.5773
3.16912 -22.5784
-9.12952 23.981
-1.3921 -18.9884
4.83389 -25.1455
-1.6765 13.4181
0.179757 3.50353
21.6089 8.41529
3.21297 16.1635
17.9328 12.4583
2.395 -6.81343
21.0932 -13.4014
-10.9764 15.2715
4.33074 -10.667
-15.9862 3.47082
24.717 22.8458
-5.67156 -4.77114
40.1365 0.844984
20.0607 6.48243
40.779 2.12303
-40.5325 14.8955
26.0914 0.791603
45.7614 -3.09805
-19.9974 2.53347
-5.70783 -8.3494
28.8675 33.5005
-9.34371 -24.0727
3.56585 -3.56149
13.2422 9.66507
5.28779 9.09435
7.50158 6.14428
9.52167 12.3773
26.4457 10.1237
1.44476 -14.1386
18.8014 -6.36112
-28.0046 23.6928
13.8175 -2.51538
10.7271 1.7531
14.2962 2.38648
-4.2185 14.0993
-22.6971 -6.49855
-10.277 -0.459403
16.9045 -13.8556
2.68938 8.13078
-10.5582 -16.0231
-2.76204 10.0953
7.88644 -3.99083
11.3048 6.32694
24.8932 -14.0874
-35.6206 37.7875
27.1195 24.1292
13.4274 10.0816
3.26953 38.5809
30.9013 -38.2187
33.55 -9.50218
-0.49861 20.5236
5.32599 8.29249
-14.6529 21.863
-29.9834 -8.2456
-26.4509 -8.85192
16.4656 -34.8933
-13.7412 17.5084
20.471 30.6706
-14.6374 4.83794
-8.62081 -4.7762
-14.0332 -14.7875
3.85848 -2.57384
20.7482 16.2606
-17.8758 -8.01292
-1.55554 26.5879
14.6541 -14.9597
-21.0316 1.68058
21.2576 0.435415
-10.7255 -7.3656
3.43532 -7.78971
-8.88579 17.4965
-3.00458 -17.6867
8.61748 -58.4311
-7.96554 30.8403
-43.3397 33.1725
-0.190059 0.844998
12.2941 -31.854
-6.51332 3.45585
7.41576 8.94627
31.8713 -10.2315
-1.10464 -1.59386
-10.7732 15.9679
-9.17933 -16.1392
16.5611 -18.8108
39.9244 -27.7585
42.8318 12.3696
24.4416 35.4365
17.4391 -20.4938
1.52314 27.1669
7.80606 0.896338
0.576211 -16.4235
21.2813 -16.9656
12.9439 6.30598
-4.02997 28.5373
4.89167 7.09436
-4.3134 -29.7
-24.8788 2.65631
-27.0396 -5.48712
-25.3313 28.5817
-11.6326 31.6127
21.7632 -6.05763
-15.8879 -7.47158
-0.731876 -13.6844
0.626178 -18.2662
-5.24748 -7.45961
-6.0725 21.951
-2.05068 -30.0477
27.7349 -15.1206
13.0564 17.4033
-17.3748 23.323
38.5732 16.8514
21.7333 -22.5287
12.7258 -4.02118
26.7486 25.8426
32.6567 8.13657
-35.1167 17.188
-20.5003 -9.37226
-0.98413 -47.1493
10.0616 -22.6204
-27.033 -14.6783
6.1396 -17.1326
-50.0839 3.22259
-18.6204 20.4333
-14.6138 4.16322
10.6113 16.6435
-4.20639 10.9812
4.05113 -12.0608
10.5092 -23.945
-25.8056 -12.4653
-33.4493 6.0453
-30.1528 -4.9679
-11.3471 27.3816
13.3273 -4.36998
-12.3342 14.0895
27.6972 -10.4089
-1.30575 -11.3237
9.67095 -1.08733
-11.0936 -9.03913
-20.1041 -17.8379
-5.10857 4.85043
-6.07412 -8.6781
12.5174 -0.397554
-5.44865 -1.10284
-8.99218 -20.7726
21.35 -14.2229
3.83666 -0.886387
-7.95856 -33.797
-0.331607 -4.55533
-21.34 17.0359
1.89761 15.3242
-0.450356 -1.35588
-12.507 8.71042
23.6913 -17.3759
-30.4488 15.4586
5.43358 -20.2967
50.8621 33.5707
-6.14235 9.07903
-12.8271 6.38773
-16.7786 12.5877
-10.5118 0.652607
-5.10403 24.2153
-15.5166 -24.0083
-13.3186 44.7363
1.87885 18.8977
35.794 -9.45377
-32.1803 -34.8269
-47.5272 23.6705
-12.1848 3.57413
-5.94166 11.088
15.8871 9.78328
5.69944 20.4868
-12.7491 -0.552819
30.2857 1.27776
-6.33491 24.8152
2.41235 17.0147
2.41322 -5.66061
10.9938 -2.76182
-5.67595 20.7529
6.11337 4.27948
-3.45615 -5.45977
14.0011 -41.7508
6.74986 1.5916
34.5226 59.0199
-19.6104 16.8817
-8.74345 5.50307
-17.0022 18.0892
16.8111 18.0423
-16.7099 -30.4077
-3.78021 25.4152
20.7442 -6.07831
5.9249 3.15408
8.16731 23.2851
-36.5247 -4.61084
31.4217 -7.31209
-2.52337 -3.03184
24.0669 32.026
-8.45765 24.3329
-7.66658 -15.3116
-18.9444 5.23169
26.846 19.7434
41.9311 30.3303
-7.99673 42.6922
-5.94246 -36.061
43.593 -52.1681
9.87178 -1.38598
-12.1309 -35.7339
-13.4177 -11.3146
13.1564 -7.61612
28.6004 18.3708
45.6465 5.40355
2.98109 -34.4707
-10.6088 4.00776
4.59692 -0.447309
-19.1071 37.6838
-9.33464 -9.96998
4.41398 41.6548
-7.07579 -25.5734
14.9439 -17.8416
-17.7922 -10.7883
-12.734 1.10403
-16.707 20.0223
21.6685 9.30788
19.2784 10.3802
2.12969 24.4087
-10.033 -55.818
29.0993 8.56737
32.6198 -31.5989
-26.8073 -1.07902
38.2611 6.44783
-25.2813 13.3004
2.93979 -0.119892
-18.47 -6.29457
19.4453 -4.27658
-3.75479 -11.2344
-31.1702 -4.75474
-11.9198 -18.4306
-41.118 0.775469
-12.7715 -28.6844
18.5778 11.8288
4.42104 -4.22134
7.53616 -15.1867
-2.45445 -14.8103
-25.8401 23.939
-11.3954 5.16145
2.12076 19.9213
28.6238 1.28465
-10.0519 -20.5097
-2.26076 15.6388
-11.164 -0.3321
1.71782 -10.0029
11.6741 13.3834
-0.922235 -15.3032
7.94432 4.90678
2.50294 -2.76851
-2.29547 -34.5057
9.04994 32.2079
-5.84643 8.46002
41.288 -2.46643
-21.3979 13.6474
-7.51981 -1.43582
-18.0551 38.9532
0.011342 -36.2
3.95091 2.0731
39.4276 -6.24949
2.33434 23.3232
-6.03495 47.344
31.428 -9.69727
3.50496 11.776
-2.9156 -15.3096
-5.68102 27.307
-13.1195 14.1339
-24.0612 27.7141
-28.6268 17.7482
6.12522 36.9636
-29.0574 7.80966
-42.9061 -7.89674
-43.7889 2.98954
8.11889 -24.7986
13.48 -13.8202
-18.5445 13.1275
11.2046 -25.5306
-19.1142 -9.93076
-16.933 6.82394
-21.3757 4.95495
-17.5431 9.00315
-1.51731 -1.45742
-4.79589 0.7899
24.9102 -5.74956
6.20878 12.6955
-4.31842 -14.61
-2.08785 -12.64
-3.34892 23.219
29.3099 43.4222
-22.5353 -5.18261
-24.9244 17.9588
-7.70756 12.7372
-42.2998 -17.9531
22.5507 14.4445
32.6078 21.0602
6.81905 -7.39177
-9.41018 -4.98337
3.4396 28.5764
-9.5745 -31.0632
27.9403 10.4433
-15.3479 -3.22093
30.4083 57.3012
-31.8342 -39.7086
-12.0336 -15.2264
7.45436 -26.7942
1.07543 -16.9986
12.0571 -40.912
15.4161 -12.295
-0.30555 -1.45298
38.7692 13.7722
-13.6272 -18.0601
9.07337 -14.4913
-37.8772 30.8334
16.4583 -21.2378
-12.3429 -11.4405
-12.5944 2.36009
-4.18435 12.7714
8.78004 -6.53656
-7.68273 17.6391
17.9449 -13.6518
0.490745 -19.3414
-22.5973 -13.9567
11.828 -24.6842
-7.46783 6.60962
-31.82 19.1242
9.39487 12.0577
-26.393 7.00235
-18.0472 -11.5681
-41.9761 14.2132
17.8566 -16.5986
23.7414 -12.9878
-20.1741 -27.7989
-12.8255 -32.0044
-1.19532 -10.8963
11.8335 -8.82807
-22.0453 -39.3398
5.64158 15.1243
-16.3951 -16.8058
0.435758 29.4213
-8.66991 11.0961
42.4274 4.13093
-34.1088 -3.02025
20.6135 5.79961
28.2914 1.13995
17.5588 5.18684
-0.0268869 -12.6469
27.6954 -16.7893
9.66825 -9.15906
-2.26352 34.659
8.18651 12.2822
-28.1567 -5.8938
25.0828 -0.588948
10.0497 10.242
-9.18072 -4.38786
-16.8435 -16.9172
10.2995 20.5287
-2.91158 -5.89835
-10.0905 5.62788
4.62318 -7.31492
-12.3778 -0.506609
6.72585 31.6528
-21.5452 -14.1177
-6.15251 14.1308
-0.0787783 -1.12656
-17.5471 11.6961
-10.948 -29.3269
20.9272 25.1775
-7.15505 2.9342
0.844242 10.1097
-1.81695 18.4356
-17.4355 -16.7545
-25.9496 -27.1132
-2.87409 -5.10193
2.74437 10.249
2.65723 -12.1361
-26.5383 -19.6242
5.54626 -8.80721
-21.77 17.5688
-26.7882 19.9165
13.8293 -32.5198
8.80483 22.8542
-11.2094 44.336
20.3533 12.508
14.7399 9.58453
-21.2704 30.9006
1.30001 3.46679
-30.3808 -30.1157
3.84312 -14.4671
-4.29199 -6.04654
-12.5383 -16.0004
-11.4839 20.0784
-1.78386 5.53609
-38.1711 30.2302
-9.333 -17.8129
7.62903 -29.7413
-11.1746 -26.3949
15.1543 -27.7597
26.275 -7.86997
54.1995 8.22561
14.0836 19.8683
21.2181 -3.48654
25.7937 -22.1967
-3.71159 -18.1055
7.55461 -3.19252
3.25281 2.05701
-7.39417 -4.18018
-4.45746 -24.0466
1.89887 10.8896
18.4981 -19.5532
-3.60482 -36.1199
1.95124 -24.385
6.07169 16.9975
7.82598 -11.0563
-3.482 19.843
11.5444 4.14805
-0.180372 13.9741
1.48924 -8.60248
-23.7479 -20.5262
1.192 -27.0354
-13.9858 4.84155
-18.5729 -19.3127
37.5012 -40.9659
23.4195 -10.5682
-24.8143 23.0478
6.02349 9.81579
-9.73635 -0.663704
3.92542 10.4672
7.04298 -11.9844
-9.02887 3.39396
-38.2492 23.7347
-4.78246 -16.6523
5.15539 -6.20297
23.3776 19.7257
16.8964 -18.0115
-5.5906 -10.0691
1.12525 18.7881
-4.0608 23.9949
6.8338 -27.4136
5.16562 5.68941
-11.4432 17.6607
6.79751 2.61633
-37.7449 2.65005
-2.84605 -9.05452
3.52682 1.3274
13.0689 -13.6772
-12.5484 6.5738
32.8277 -16.8335
5.29678 27.7038
42.3321 -0.310515
28.5825 -50.4643
-20.8943 -19.372
-1.48281 0.801805
-12.3573 15.3974
-7.04444 -34.8584
-20.5482 -11.7013
-11.7234 -17.8166
17.0782 6.1214
-30.0516 18.8387
5.83564 31.0449
32.0995 -14.7248
-15.2678 -7.55966
44.8489 1.27221
-1.69207 -11.5466
-18.7816 4.94111
41.2466 -23.004
-8.10526 -43.8717
19.1138 -6.78747
-30.6911 26.2655
-14.7887 2.9326
-0.93521 5.19779
29.8391 -25.7396
