13.3587 -18.2042
-25.1605 16.124
-27.1925 16.0473
-12.1579 24.0734
10.7377 -27.422
-37.6916 -7.01056
-5.46621 46.9692
-17.1549 -4.20218
6.95285 21.0659
-14.3991 34.3246
23.6024 15.0626
-12.7542 -57.0606
-13.1112 -0.364086
-26.9087 -47.4842
4.64318 16.8041
-13.8598 -27.5083
-0.726712 38.935
32.0068 -11.9029
-23.9641 -29.6757
-14.6258 3.73402
34.531 23.7671
-16.2582 16.8249
8.5363 35.4628
-6.47895 -30.47
-30.0816 -17.9181
-36.8971 -23.6561
19.6971 -5.33178
18.5292 6.64031
42.8247 -2.95853
-32.7234 -66.3399
-3.91858 33.1136
-12.9036 9.06656
10.9151 -45.3323
-19.0748 -32.0476
10.6264 1.73043
-16.7603 4.81701
-8.46804 -1.83172
0.129326 1.31301
-26.7953 29.2402
-13.4661 23.3722
0.0421648 -33.3217
-27.7213 -3.4187
0.201177 -28.695
-42.7597 -3.64452
6.01456 -47.3626
26.1378 -4.95751
-17.6022 15.3048
-4.18477 4.27747
20.6302 -17.3271
-30.7612 -4.38674
17.8893 28.776
-16.8337 -9.78014
-46.6058 15.4116
-23.4219 21.7427
31.8807 24.3802
21.8387 -10.6417
14.7548 -39.5343
-59.4764 16.2399
2.99082 -1.06633
26.529 -22.8585
26.5875 26.3748
67.4034 -8.98339
-46.7007 25.7618
0.234762 14.8911
-27.2308 -30.8594
-26.3553 36.3338
18.1229 -31.83
-25.741 11.1561
14.621 50.3182
-15.081 -0.993391
-19.0264 -10.8791
10.3057 24.5148
5.65839 -13.8088
-8.17596 32.5135
-2.58976 7.4157
0.024065 -0.768436
-4.02288 8.12293
-20.4706 -21.7397
8.65907 -15.3787
-34.9372 -37.9009
13.0853 69.0835
12.8992 -27.7223
37.3742 50.7077
-5.51253 -40.4301
7.06708 15.5862
9.98373 6.47563
1.52895 8.10039
-4.26491 1.48316
26.211 -25.1152
-5.16582 35.5413
-13.0199 35.1966
1.9326 11.8458
1.3677 -6.13486
2.71974 45.35
-0.657134 -35.0028
60.8566 9.47134
13.841 -28.8921
7.2668 -19.7679
16.7093 -2.25588
5.80689 -24.225
-16.2067 43.501
19.8255 -44.1425
-8.13638 -14.0208
15.1523 -36.3784
-20.6438 1.04584
-7.15724 -9.31885
-12.4209 -14.8303
8.05398 -31.7539
19.3486 0.396006
-30.5267 -16.914
-46.801 36.7688
53.0363 -2.25581
20.7289 6.73612
-8.51038 29.0779
-9.20089 -1.64286
-15.7895 -66.7127
17.5781 11.3407
-7.91506 44.0306
-6.13169 -41.32
-31.2341 17.4453
64.2589 7.44556
3.10517 20.8071
34.7912 -26.6226
26.2518 9.5224
-57.3979 -25.2941
-28.1155 -3.41304
6.51378 -8.73729
3.24372 -16.735
5.21478 20.6266
5.14841 7.35156
22.4504 1.67925
13.1195 27.2506
-8.94697 22.9934
-1.72742 30.5412
-16.8458 33.8668
19.9685 9.45628
-55.1233 40.426
-25.6305 28.3595
-28.1729 -26.2254
-11.1035 -25.0599
-3.20726 24.4079
0.09706 1.57668
1.69273 2.46126
27.0227 -47.4983
2.64527 -10.5245
8.36127 -6.03534
8.63468 20.2743
-3.60872 -50.556
-35.9495 42.9378
12.7021 -45.5503
8.47845 -29.2276
-33.8443 -37.2721
52.8766 62.2764
-20.3903 19.3748
-47.7146 33.5502
26.079 -37.8284
-5.72153 15.9325
-14.4506 55.6783
-23.9758 -19.6154
-35.3214 15.5434
21.0451 25.5673
-6.90112 -30.4814
36.0734 -24.4807
-29.5382 44.4854
-36.0344 17.7182
46.6422 -23.6119
6.02859 28.914
0.442837 6.57778
-5.48123 5.3624
-8.28666 -26.7613
23.0771 -15.1922
7.0758 33.985
28.1321 2.62022
-26.8273 -41.985
30.3733 4.7571
-38.0227 -4.947
18.7077 -36.5742
13.8923 -1.81107
-40.3775 7.83261
-11.5028 -11.5369
4.68196 -8.02342
5.25606 36.1236
-29.2372 19.1601
9.36429 -6.00354
-48.3293 -29.9678
19.9959 -23.8292
-8.45016 -0.0342188
48.752 -26.2263
-24.43 -16.4975
51.2978 17.984
-5.87767 51.1474
67.8182 -17.6216
7.13113 -4.32751
-30.7696 21.4981
35.7191 15.3872
-25.1554 -23.9798
-1.94876 23.7526
2.32576 -28.1306
1.01072 0.180604
-12.0188 -0.0281897
-22.9659 -3.09885
-63.5186 13.5204
45.9045 -12.7201
-15.3494 16.9746
7.63722 22.7729
-40.4676 -27.028
-0.0781722 25.4556
-19.982 -4.50128
-46.5796 -32.7648
-31.5053 -11.8158
17.2099 4.53616
55.758 51.2699
-37.7189 -36.2162
-17.5661 -22.4719
4.0962 21.038
19.0063 -5.55069
-25.4274 12.1624
29.8222 -7.23767
28.9937 61.0007
-0.70409 -29.7826
-1.65289 38.5235
17.6508 8.82525
0.450747 -10.201
3.63377 19.5857
30.7701 28.2237
15.4744 0.661288
1.24116 -44.7763
-22.2007 6.11775
2.46385 25.8232
16.8407 -1.15597
-23.3306 -4.78838
-15.8436 16.9987
13.7803 -38.9081
-25.4347 16.583
-10.1197 9.15543
5.45446 -58.9197
-5.86042 -15.5363
53.0925 5.16739
29.1223 -34.3877
-92.4934 -7.81335
7.66933 -14.5406
-45.1209 24.5235
-0.71061 -13.6898
-14.7532 4.04087
-27.7725 9.34723
-13.788 -11.2789
33.6606 -2.48147
25.1936 24.6931
3.48206 -5.22668
18.8304 6.95933
-26.5187 36.3658
24.8713 -10.8568
-97.4898 -34.0616
-17.6266 25.7554
-2.12412 -34.5171
35.2518 2.89881
-28.3418 -4.06674
18.3133 -30.3224
-31.2091 -3.77006
5.10163 -14.5577
-30.3105 -13.3753
2.0875 8.63046
23.863 -9.01437
47.3292 -18.0018
11.6181 -15.5524
-19.366 8.2244
26.3703 -8.77649
53.8035 -1.31423
12.7165 -85.5152
29.2153 -32.9359
52.6899 -6.95348
10.0375 -27.722
65.5354 -18.9748
1.57698 -11.5387
46.6531 -2.17168
24.1041 -2.73263
25.0959 5.28068
69.8469 5.11857
-48.545 4.00119
2.07855 -25.6022
11.1361 0.387857
54.3499 -4.7825
7.42583 -1.15846
-5.73613 -0.28952
-5.98254 72.6751
14.5737 -29.6932
34.8391 -6.32344
-26.5358 24.8518
-61.5035 -37.1838
2.52135 -68.003
7.4751 -53.9293
14.2531 53.7535
50.9941 45.1338
-0.276474 -17.7555
-27.8602 -4.70791
-17.3087 -14.9638
14.884 40.2679
-29.175 -7.13868
14.017 -8.21825
-23.3587 -20.4569
28.9418 -1.94811
20.0923 -37.0047
51.0813 -15.2247
31.6967 -32.3719
-10.3989 -0.931734
-69.2653 24.9956
-27.3623 23.332
28.6876 21.0844
-33.7368 -27.0239
31.9079 47.4047
-7.46176 30.0145
39.6031 9.21424
-17.5971 -22.4677
-9.61397 41.1844
-23.3007 34.0491
42.5649 11.8117
-0.782832 -12.8115
-25.2681 2.75499
43.2071 14.216
8.04442 -12.6209
-32.4832 16.4921
16.9422 -86.0185
-42.8026 -22.4522
9.3272 -8.70652
19.2936 -3.41302
47.7779 -23.7502
-10.8753 39.8217
1.02808 2.78082
-52.7752 -15.7612
15.1941 23.0637
4.61172 -8.07429
-30.41 -38.3677
0.474384 -66.0614
-3.46394 -26.8156
-8.72794 -11.8808
-11.7793 -10.7143
-30.4222 -28.9249
-46.2747 2.1155
-32.5275 -17.069
-3.43044 62.9164
-21.4725 -9.76376
6.25098 44.4549
31.1499 21.1045
-14.2497 -33.5405
21.2576 -29.1957
-21.4348 9.86458
31.6102 -59.8158
8.1416 24.3055
-20.7523 -25.9955
-48.3344 22.6444
2.71683 35.1819
2.65965 5.40792
24.5473 -20.9088
25.1381 -34.4274
4.54135 -2.24635
16.9541 -39.2669
-3.41591 -49.5697
-3.00693 17.3206
19.2567 3.35293
2.81666 5.73562
30.1638 -9.89183
28.2786 22.8479
-5.0201 6.45799
11.3792 12.9538
5.98272 6.27511
-3.52438 -55.3262
27.6885 8.04026
-25.8196 14.2602
-8.5991 -25.8667
30.196 -5.53031
-21.6285 -6.89333
30.8557 30.8036
-14.2558 31.382
1.01995 10.4008
52.1952 17.5883
1.62973 -11.7731
-32.6202 43.0112
33.0357 -13.0044
62.0444 -1.90427
8.35165 -21.5624
-22.2112 2.09884
1.62877 5.01196
26.3412 -30.9897
9.65954 -44.2598
-29.7046 20.7044
0.65387 10.0191
-12.0638 3.28542
3.89068 -36.6347
-27.8049 6.24054
-18.5641 -6.8016
61.6494 1.55199
25.6338 -16.2369
-6.01836 -10.2859
8.4515 19.2086
0.527112 7.17524
30.2036 -15.9644
-43.0577 -24.1558
-13.1801 -15.1916
-28.2316 -20.0642
-14.4233 13.5735
-10.4271 38.1516
-17.6246 -5.48661
-6.25886 31.3929
21.1108 8.57276
11.0213 32.3727
19.6582 11.2069
42.7351 36.9722
-10.2849 6.90672
-27.0099 -45.5426
-7.73224 25.8122
31.0982 -3.0005
-28.081 -19.7931
-27.2913 -28.6577
-29.9182 8.86724
-31.9913 44.3653
-11.7862 39.9523
-18.819 26.2838
39.2324 -36.1261
10.9554 -18.8028
-16.8238 -5.7619
-0.224297 30.3739
7.01111 -6.72648
41.5206 -29.0904
42.2543 65.2453
27.1644 -4.61446
4.02218 8.0663
34.5882 -16.3425
44.2349 -71.7377
6.57766 14.8887
-5.96041 5.85739
29.9802 25.2235
36.9973 20.2044
9.19446 -30.1822
33.67 25.0484
24.7463 23.6237
12.2209 -39.3409
46.5677 21.0812
-15.8619 -56.5595
-0.654624 -45.3215
-24.0702 -16.1467
-11.087 67.9722
-31.991 6.12648
-36.4079 0.593412
13.6242 -26.0362
-17.1166 -54.6263
-2.26178 5.94266
27.3076 25.3032
40.1921 32.7748
16.0502 -29.4931
-14.388 17.1961
6.87371 -17.644
6.01321 -55.4606
45.0279 -27.2113
13.3826 45.4907
-34.8935 -22.0354
8.98264 -2.84885
0.293468 -1.01371
14.4994 10.0955
3.23082 -16.0756
49.2375 9.15263
9.04834 -26.5869
-38.9384 24.6933
-39.45 -41.8296
21.0999 -24.9661
7.14697 -9.73784
-42.5792 30.8198
11.7085 26.2113
56.9613 -11.4182
1.83008 58.8723
4.29529 53.7256
-21.5423 26.493
11.306 -31.0631
61.6669 -10.3102
50.214 -17.5199
-11.9771 -13.1669
-28.7963 -27.2138
3.94563 -31.7533
-38.3472 -20.232
-13.0477 -56.6455
-12.5942 13.9997
30.0472 -21.5576
-13.3723 9.76144
-0.939775 0.241119
0.909743 20.4915
-44.9349 5.6092
-20.1811 0.692545
-20.8882 -35.7705
-4.21921 -1.33298
3.98732 3.28823
7.18483 -9.28495
-21.6113 -17.5747
10.1672 -1.37612
-13.348 -6.18916
19.61 22.0825
-6.10677 32.2593
-13.4971 -31.8681
-20.0425 -2.81283
-20.0822 17.2723
5.48476 -39.6657
-1.14703 -12.1091
3.58694 0.681004
11.0408 3.95751
10.0395 47.0578
5.7122 -7.98745
14.8449 -31.6788
-25.2717 -4.61878
-18.3151 15.4613
14.8649 -2.9955
-9.36256 -4.53979
-22.9423 -2.73138
2.0359 -23.6861
-39.5109 -44.0078
-35.2725 7.10596
-39.2659 -20.8339
-67.4895 14.0625
-27.0958 -8.56945
13.8728 -34.0887
9.72134 4.85103
34.6738 -28.2416
7.01075 -22.0711
25.968 -11.3685
28.1458 -13.8206
-2.82177 -2.00318
50.3146 81.5377
-21.3548 -27.6916
15.9009 16.3135
-41.5407 24.5048
-18.959 -2.50658
31.4637 11.5688
-21.0617 13.7617
-16.7464 3.24195
-14.3297 -16.2609
26.3304 -4.09072
-16.5776 9.04561
2.23169 30.3997
12.2307 41.4552
26.3543 14.0853
-17.241 -38.5609
-51.6659 -21.8525
-17.996 39.2136
36.039 -3.43091
-25.0512 -3.00467
8.17301 53.3188
19.4948 -29.0334
39.9957 12.583
-35.8566 27.467
12.5509 -26.3761
-3.78255 -4.47248
-14.5614 -19.3927
-10.2541 -11.8483
-1.73615 5.58595
-29.0698 5.89071
44.9456 -31.2219
-55.047 -16.7004
-80.3852 -5.95997
-44.7514 12.1587
11.5767 -19.7032
-0.211055 5.56182
1.98463 -4.63549
2.72332 12.7826
8.48844 28.9267
-26.3254 14.0406
-27.912 -0.864693
-24.361 44.9807
-0.275526 -32.7699
10.6122 -28.5624
1.80575 41.0546
16.5204 -13.8818
0.0751209 -22.9135
-11.5652 28.6438
47.8034 7.05078
19.1681 -6.22736
15.829 -17.2079
37.4265 -58.3571
-32.9664 11.6166
-51.6645 -18.5078
-46.3729 -23.6102
-29.2106 11.9246
-10.2279 12.8461
-60.7547 0.162288
26.6079 -30.6176
12.4922 17.1612
-37.862 -8.48114
-13.7515 25.5991
-44.8473 3.23901
-21.0672 -0.689029
28.1771 2.14337
12.0875 37.0008
0.458812 43.0962
15.0283 -17.7099
-28.2079 -39.6929
27.6518 -20.6062
8.02233 2.68167
-21.0318 -33.1207
35.2 -43.2098
-11.7976 12.5933
29.6353 9.66396
22.6118 9.48729
38.4663 -15.433
16.629 -30.764
-14.2606 9.17073
1.29422 -32.0584
-32.4883 -18.8917
72.8584 15.1739
-40.4722 21.036
-31.2755 -17.0116
-14.334 -45.8708
35.4689 -23.5641
10.67 -12.33
17.0167 -0.225833
-30.7233 22.9277
-8.31791 13.4915
-58.543 26.2953
-37.5127 -0.160332
28.5117 3.47874
16.0411 2.61081
9.15583 -49.9071
-0.428633 24.1496
44.6613 -13.039
-17.4638 16.1121
-26.5368 -5.74476
37.3437 62.8992
17.565 10.356
-30.3182 0.997362
7.09174 -20.1972
5.40371 -23.9817
-28.5877 64.1142
29.0263 27.283
-33.3888 -7.70238
-32.0678 5.98012
-30.72 5.79952
5.50122 26.7709
26.7664 -30.0308
-21.5382 -32.6436
-13.4242 33.8628
-9.65646 39.0422
17.9088 30.8368
40.2783 10.7722
-51.3294 -23.8558
5.95999 47.0597
-39.7967 19.3309
-27.1491 -3.29306
-2.70118 -11.174
29.6771 -42.5149
5.19464 1.46603
-31.385 26.8071
-12.0712 -31.131
19.249 45.2474
-9.59076 6.94271
23.5863 -40.9776
-19.1199 -20.5035
3.9459 -8.56631
57.9702 -7.21661
10.3398 -52.257
2.41361 -16.8789
64.7588 32.3686
-13.1115 -20.777
-7.05296 -17.5333
3.61944 -43.7698
-17.1855 18.2509
0.547539 40.3972
-33.96 59.7634
29.2172 5.44229
-13.0796 10.4051
-8.28478 34.4087
-5.28745 9.1899
2.37612 11.3785
-37.2652 -50.2806
32.2063 31.1555
-33.6861 19.9487
-34.4779 -3.84452
8.8301 -15.1378
11.2503 -5.23153
-36.5637 54.8725
-41.3948 56.3644
-4.25738 -44.6963
-13.3958 30.724
19.531 -45.4007
2.33947 -7.31749
22.8022 -15.6481
12.8754 12.8077
10.0648 -19.3308
-17.2827 6.13947
-1.48137 -24.9261
10.0005 -25.2893
49.6955 11.5462
-28.5487 -18.108
-6.77563 12.8202
17.8564 -15.2856
-21.0798 -11.7317
16.4997 13.7116
-9.48267 -2.2407
-28.9279 -33.9367
5.69139 26.2227
1.8403 -4.16007
19.4843 8.79323
-30.1007 8.32284
-49.0821 18.3781
12.9994 -56.866
-40.3514 -7.24887
41.009 -15.4078
-37.1348 8.24292
20.567 -16.7191
-32.093 -7.0177
-14.6918 58.4356
-2.70985 -1.62281
41.7389 -12.6518
-42.309 23.4222
-19.0249 -34.6284
-43.5901 19.0817
10.7701 -14.4265
27.5396 34.4472
4.12793 12.514
13.1601 -23.2934
-33.2532 -26.8282
-37.9398 -3.79576
-3.716 23.9369
-39.6349 -2.66553
-11.0751 -20.6359
16.5211 11.4697
-45.0468 -19.6706
11.6583 -53.3368
10.0697 -54.8655
31.4124 -36.4034
-23.5845 -52.2722
-6.01877 24.8414
-12.0673 -25.6652
-6.39507 0.488057
27.6809 -4.91662
-15.6456 7.98201
-35.7254 32.442
70.6502 -36.0348
11.5196 63.8677
31.5286 27.0088
-24.8819 -1.18487
5.70039 12.7304
-0.178002 -9.60982
-17.9488 15.8112
24.0839 -43.9554
18.7289 -0.888649
-7.49947 -50.0521
-20.5363 11.8654
-1.43952 -15.6025
2.27536 -12.8985
12.5092 13.6417
-3.79685 -10.3173
-17.1956 20.5998
-34.1819 -34.1931
18.5288 26.3327
17.6206 4.47074
10.2518 -54.2094
24.1165 -13.8455
-22.8555 -12.0365
-10.767 42.865
-7.70595 -14.2916
61.0967 -0.164798
-29.5344 -16.6746
-4.03213 65.1307
5.27092 -14.7122
6.16667 7.38252
-33.0864 -23.2814
5.56715 5.73834
-29.2901 19.3421
-29.3276 -51.3307
-4.31723 31.0967
-44.1247 34.8263
2.747 -22.7217
1.27698 -18.6594
15.5742 -10.934
-12.4984 4.95849
-10.1884 8.46549
-43.3227 -24.6133
-16.6746 -0.569899
-22.8705 0.333034
-15.5479 -17.3972
18.9156 -27.6659
-2.36602 3.15417
-24.791 33.2273
-1.94818 -21.146
31.408 -27.1966
10.94 -30.2138
-19.8558 -42.195
-13.1286 3.05071
-20.7534 -22.6793
-48.795 -10.0407
-17.8849 -20.187
-47.8537 -13.872
-26.3003 -0.63961
19.1936 -39.7956
-5.26387 -4.88321
-10.389 -12.5109
40.484 -26.6796
-43.7919 -23.0244
-17.4948 -43.3808
30.7543 -6.93488
41.0459 41.6411
15.8762 42.361
0.454159 30.6551
-15.5631 13.9642
11.2566 -19.3854
12.3467 -10.9108
-41.1962 17.4642
12.2413 25.3059
-10.1988 29.4692
-15.9109 -21.486
-33.6716 4.77238
5.88297 31.0852
-4.09609 -58.4839
-12.6824 -24.6637
42.7848 -48.3769
-28.3429 11.2418
22.5281 2.20961
1.71294 48.7232
-23.3623 -17.4467
20.2604 -7.90812
34.1785 20.0834
-18.089 -23.1863
18.0998 -15.0514
8.69739 15.3895
22.4796 76.5034
10.77 -5.51242
1.24477 -2.7627
10.9641 -34.8161
14.4852 -45.1926
20.6151 -25.1848
25.7213 -40.6734
19.8588 -33.6857
-70.0322 16.1584
-58.6999 -22.5799
10.8101 -37.4174
-60.2061 16.7974
-1.77662 15.7364
8.24832 -34.7342
-8.9015 -39.124
39.0368 15.8807
-16.5816 -11.8458
40.1287 -46.6579
-3.38251 6.94862
12.3365 1.49239
-16.0332 -37.7126
29.1286 19.3596
2.40896 -44.6153
-1.75488 24.6278
-16.3584 -26.4303
-12.395 37.7318
11.4322 -17.8222
21.4943 -7.91334
-22.2858 -13.6881
-14.4386 -44.5551
-8.65287 32.6485
41.4915 6.18517
13.2749 6.6918
3.22702 1.3259
-5.05577 -59.6741
33.3042 -52.3539
-9.1779 12.8266
14.7755 -22.1431
-28.8615 9.16097
0.0623684 -5.74092
-37.0551 -35.88
0.194181 22.299
8.46809 -20.8762
22.6803 17.4599
14.4848 11.5116
-17.0101 16.9882
15.156 -29.5711
-11.7822 -32.4654
-27.9456 -3.06037
-5.62775 24.2939
-16.8304 7.82706
30.4358 2.82751
-57.7773 3.90152
29.3333 46.2921
-0.0702543 5.63227
31.1641 -4.7507
-18.6604 -23.2624
32.5714 1.99627
24.8407 -11.9798
-21.958 22.4709
-38.5455 -10.2236
46.8808 -40.352
-4.53107 -29.1386
1.18334 10.6162
-46.3437 0.321609
4.79359 -12.3431
0.863789 -32.4861
3.50413 10.722
-18.7838 9.18665
-73.4324 -1.10288
4.83576 2.09249
16.9622 23.2496
-17.8339 -11.9923
-20.5983 -2.58513
6.51389 -2.38058
39.5766 19.6327
0.56225 -20.6892
-45.0281 -6.30792
-41.3683 21.8869
-5.6879 -38.0874
30.5173 -8.72092
-3.25012 23.069
-29.0996 68.3485
-42.6422 -42.5653
-35.6888 -44.7147
-4.19447 -5.09885
39.9259 -16.3946
2.49167 53.8458
9.3786 6.44987
27.9435 -30.2243
-3.77626 -32.0304
-1.94504 -20.6195
-28.3257 -19.8987
-10.824 -13.9649
51.5606 -18.3365
6.35039 13.2972
7.61823 17.6086
-36.9492 27.914
0.225599 -5.03558
-28.5438 -17.7992
-18.9722 -1.46612
28.5745 3.75625
-52.8642 10.3011
11.5383 -10.2954
-32.3499 -0.0796318
27.0596 3.68264
-4.80252 45.6964
29.8442 12.2245
-27.3492 -15.9494
-18.2201 -24.0511
-1.34398 6.13487
16.3754 35.6758
22.7567 16.461
-9.89781 -15.0019
9.24733 16.7134
-24.8285 24.5527
-37.9936 -39.6375
-31.6595 -0.165485
-9.93815 15.5407
-24.5811 29.8267
-50.9294 25.0062
-17.0309 17.6652
-11.1306 -5.51537
14.6248 -14.5486
5.18804 27.645
-4.84917 -20.3947
15.642 -13.3876
-23.7181 6.24126
-9.5658 4.61724
16.5597 37.3439
-13.9362 -13.2703
4.44181 -67.329
-13.6775 6.17802
-3.2767 -25.4032
-13.1035 -54.5955
24.4443 33.6138
0.198278 -26.4268
6.48796 -9.47536
7.99546 -43.6323
-10.4435 -45.4368
10.6962 -9.67601
-45.8808 -18.9381
-5.05098 -5.02946
29.1935 40.3762
8.80149 -24.727
17.818 31.6503
-40.0629 43.2155
-5.49858 -20.6833
46.6527 11.7512
-14.5044 -35.0795
-40.0363 -51.0788
-29.5774 33.5863
-22.8147 18.349
12.7069 -10.9085
-14.0646 -14.2413
-4.50464 -26.9519
-26.6663 -64.8267
28.9688 24.4187
-4.38321 -14.7266
8.39066 -14.7708
-38.0018 39.6599
-38.953 8.12057
-30.6406 27.1039
23.9979 7.49418
8.99033 16.364
-25.3116 1.54612
10.4942 21.6672
7.17941 65.4702
-8.57604 15.5829
-1.18643 -11.9042
-10.1327 11.2007
-54.9297 24.9201
5.40001 -10.5941
32.0127 -34.5952
-5.49027 -29.6463
-2.33894 31.362
5.92483 9.04935
29.9322 6.23122
-19.093 35.7395
16.4931 36.929
-20.7806 9.6727
-1.40832 -54.5769
23.7619 12.0708
-5.29816 15.8597
-9.85068 15.8803
-34.6135 19.5794
42.2486 -51.0419
23.8294 -44.8804
-23.4178 -56.7874
31.1347 2.15288
-10.8644 -10.189
25.9645 -25.5861
16.5639 6.29565
-12.5789 -49.9482
22.0784 17.123
-12.312 11.414
-52.5091 22.6438
42.6907 -29.1491
-19.5786 10.4728
45.2055 -0.322261
-6.07266 43.4027
-14.4288 -29.4446
8.47057 -14.2684
18.1177 -30.3142
-21.6386 61.3407
57.3153 -13.6222
29.1919 11.5123
-34.0497 24.5387
-51.9502 -4.27486
-8.9592 39.957
22.3985 -17.8077
-9.20695 -37.5181
3.09803 -7.65825
32.0198 -6.92717
-13.8488 23.0418
17.9671 2.94389
0.190158 46.0585
-14.6329 53.1925
-36.6006 41.9525
12.4487 52.2264
-30.6935 33.7104
18.5171 -7.35774
-14.974 -2.41814
4.80239 45.8053
-24.8492 2.42144
-82.2854 40.2425
10.9267 -1.00631
11.5802 -6.98456
-18.8143 13.8132
-14.1191 -28.2832
-7.90991 55.3898
5.515 -38.6986
45.5844 -0.941901
53.0045 -20.4656
35.0636 -18.1619
-41.3975 16.1388
2.69464 -6.74962
-16.1527 -5.30607
-23.6702 13.105
-12.0268 15.4996
-2.78563 -3.60364
16.9912 54.085
-0.704644 18.0664
0.850561 -1.32153
7.69719 -43.1049
15.1308 48.994
11.5543 -22.1242
-4.35342 17.1086
16.6659 9.77011
-34.1513 18.3033
36.6426 19.9712
1.92438 -8.35958
-17.5987 28.4089
-20.5311 48.7812
35.4754 62.8646
21.3494 -2.38045
-46.0769 -1.26471
5.35699 -10.2707
-14.0676 -10.5569
17.9361 23.001
-40.781 5.49923
-43.3812 9.87841
-49.2526 -13.5607
13.6077 14.5985
9.4977 23.4264
42.05 -5.69852
8.46668 52.2409
-14.6215 3.57479
18.8383 16.6793
28.7171 36.8664
47.6269 -18.8862
-0.157339 -42.7209
-51.7124 -3.7285
-31.532 -5.03691
1.53181 -11.0154
-17.5704 23.7333
-20.0135 15.5578
-0.416144 -62.7999
14.6082 30.3993
16.7907 -22.4223
35.9606 -25.0793
1.49415 20.7844
30.3448 6.72234
-1.58133 12.8089
9.62318 35.8688
12.7489 4.99541
-6.71241 31.6809
50.6218 -29.8404
30.0486 4.94666
-26.587 -13.0243
0.846643 19.9392
10.8504 2.35547
-5.73847 10.1373
-13.8058 -54.5798
31.6078 -7.75872
-1.99249 20.0757
53.1113 -9.3884
18.1436 30.4064
59.0068 -2.12375
15.094 40.8532
-19.4369 -15.4845
32.6175 9.82628
16.7305 27.6534
34.6002 -23.727
-24.7982 -48.5377
45.6756 -25.5649
-17.2688 -24.3914
0.40911 10.1098
2.29693 49.8631
-43.3624 16.6188
-2.20771 34.5527
18.6612 -7.21322
2.09019 36.5706
-21.682 -18.7513
24.6735 -33.3668
15.7067 -69.188
-35.8032 -26.9109
3.82645 -39.3788
-13.9611 12.8697
37.3355 11.3564
18.1996 22.1674
-12.8928 -2.32221
3.79368 -19.3904
4.98312 -18.6552
-18.1264 -15.3458
-14.5319 -1.52457
-25.8376 32.053
-33.3105 -30.5946
47.712 -66.0876
51.9991 -26.4353
-25.2265 8.27335
-24.7815 12.0735
-16.1855 -20.6706
-8.35493 -8.69262
-1.73215 -33.7099
76.7851 -18.26
-13.726 20.3053
-30.0961 15.9707
28.2468 0.29026
-25.4042 17.8265
11.3011 -31.2556
-8.55211 45.9568
34.9685 37.612
-55.6707 31.3789
25.6629 3.71597
-9.46056 -47.0932
-6.67677 -11.8005
-10.7099 15.2598
3.42902 48.9928
31.9813 25.339
5.42133 58.7808
-8.30299 1.07586
-15.0352 -16.5249
-59.1457 0.18528
-23.8328 17.7233
-15.6601 -13.5889
-37.0574 25.7068
54.9193 19.8222
-2.20263 9.36512
21.8718 29.9659
9.64909 4.23386
-24.4078 -18.6079
-30.6687 5.28518
-18.2026 -27.5735
27.5292 -25.6157
67.7434 -1.23327
-43.8615 -32.1849
-17.3969 -2.37135
-3.55415 -39.9952
-41.0305 -10.889
-23.7034 -9.67376
-2.48665 11.4517
-37.4336 2.50734
12.845 -19.1631
17.2826 -36.166
-1.48404 1.77798
27.8352 -17.0039
3.00415 13.6643
-9.28982 -47.3642
-8.03545 17.7273
5.79391 0.735611
-16.1811 -38.9944
-13.2782 -20.2583
18.502 -21.0357
-38.8641 -23.2691
11.9955 8.61319
-33.9366 -18.1784
-10.5857 38.3127
50.0169 -64.6563
-21.0158 9.1314
4.97585 7.56365
-8.17199 -17.2082
50.8725 28.1949
-11.5352 0.843394
5.0748 51.034
14.8627 40.1969
-12.5464 -41.0804
-46.4227 2.69511
11.2822 26.3488
12.9391 -31.5432
-17.7363 18.295
-22.3621 -14.6796
7.70609 6.97128
6.35928 12.4346
24.8441 -23.6103
-10.0896 33.3734
2.27169 -16.4747
2.70483 1.61182
-45.1618 -0.110483
-4.96594 -43.3257
14.9022 6.74333
2.31374 -26.583
6.30307 -20.4038
22.7674 -26.705
30.1429 -25.9608
22.4759 -39.5944
-32.0206 1.89417
-23.7999 -11.7424
39.1497 35.8404
-4.85213 -41.1707
-41.2913 9.01547
-22.78 -17.1411
-13.4049 6.30777
12.1333 -8.1298
-7.38698 3.73258
-7.75668 -21.3122
27.2328 10.5867
-21.9636 -3.23492
35.2543 -8.62917
-3.03215 -34.4922
5.51328 26.4834
-17.4201 9.82359
9.47237 -1.83949
31.6937 23.2821
11.0789 -43.5153
-23.3753 8.06305
-26.7811 9.54365
-2.28376 1.83348
19.9842 -9.35076
-20.643 8.43537
7.74461 -6.04291
-21.7912 -11.284
27.4068 -38.1635
7.49698 10.0478
16.1505 49.2003
23.1572 25.5531
31.3799 -30.458
11.8278 -20.4596
24.855 -0.202432
2.57948 15.9345
-0.572765 -84.5831
34.6545 4.26473
-46.9875 -1.90685
-35.518 -14.9468
2.12577 21.5351
-46.3667 -15.0734
-87.2137 -0.763759
24.5807 37.3573
-19.2732 33.1228
-9.37188 24.8402
-4.36897 44.344
61.6374 -11.477
0.480663 14.4515
-19.9589 35.2757
3.614 12.745
15.2726 -1.43802
-16.6377 31.8036
44.4016 -4.77606
-24.5807 -13.7857
2.40302 -16.6635
29.5176 6.99869
6.15681 37.9126
3.31565 -19.4426
38.113 6.7977
19.058 -41.2293
9.99953 -1.17178
-16.5644 5.8668
1.69507 20.2448
34.0869 15.1035
21.4988 -42.5462
-12.982 -33.0743
-9.81705 21.9234
26.1221 -46.3647
7.42097 18.1872
-18.3327 13.7518
-11.1721 -4.331
-5.30467 57.6198
33.6867 15.5198
-75.2206 16.0556
7.74699 -28.386
29.513 -21.5264
-27.3863 -28.3987
6.90455 44.9644
18.1604 9.81128
1.60824 2.43399
-2.01811 26.8919
15.3889 -37.1377
55.4866 18.4553
7.75704 1.07698
46.145 -0.63922
11.9694 32.0934
-17.9667 28.6052
-53.4152 -1.40395
8.6462 -24.3514
-20.4027 44.1561
38.7929 23.0927
-12.5936 -74.4448
22.0106 -39.4865
-13.7028 2.31869
-1.85756 -2.38327
6.89544 5.0155
11.1266 29.4785
-23.2171 -29.9887
18.2875 -8.37844
26.9277 -8.82845
-14.6683 -9.458
-11.9051 6.70479
18.2539 -3.91549
2.62201 -33.7656
-24.7456 31.1136
10.0626 21.1009
9.6554 -19.3642
-82.1884 10.301
26.3387 34.6108
-22.5662 -12.6638
25.6054 -8.43145
65.0002 1.44793
2.60819 -20.9733
-1.62388 -10.7902
0.212626 24.0634
-24.8515 20.8727
6.20097 6.04728
-6.30672 -28.3583
-13.0587 -29.8299
-24.4572 19.3735
-14.4193 -52.5131
-9.71467 -28.422
-16.5827 38.1391
-33.3337 -2.83606
2.74121 51.7579
-22.5593 2.72783
32.9546 -35.2245
10.8512 8.23925
-35.8486 -19.5851
1.08892 -16.2556
14.2809 -55.5988
4.4051 -21.3969
38.2576 13.9886
8.07972 -35.0101
-21.1631 0.550575
-7.1597 7.37115
-44.6911 27.1865
-24.6997 -6.48964
37.3797 5.93671
-2.66899 2.58385
24.628 -37.0216
-42.451 25.1249
-35.7422 17.5203
-61.0108 48.4238
4.70586 -8.65757
8.05106 16.5972
12.9897 -6.29374
38.8251 28.9782
-20.3005 37.0866
25.2009 -14.5214
61.9884 32.9089
22.6212 -14.5813
-33.0927 36.534
-37.4691 -47.7039
1.33319 20.6422
-18.8658 -12.5238
14.8945 6.6582
-10.9305 -12.2045
9.10335 -18.7139
-23.1139 32.5852
-21.5406 48.9849
-52.0088 11.3053
38.2341 -31.2202
-17.0385 -25.4788
12.7986 -5.15087
-16.2814 2.2114
16.5908 16.7562
48.1243 -7.96111
55.0128 22.5766
-15.6034 -24.8851
-70.6409 59.9584
-4.90999 1.54665
-15.5183 15.8813
15.3407 15.4058
-50.5447 7.48184
28.877 -64.598
-7.00076 -51.5454
-4.86241 -12.1784
-21.9688 27.5719
-16.6356 25.7551
-40.8591 37.466
19.9612 -5.2571
27.3635 8.64637
-34.9231 6.18306
-15.3707 18.3706
-45.8678 6.60802
14.9966 9.35973
17.69 36.9781
28.3511 14.6502
13.8887 12.8743
2.71802 2.32104
10.2101 -36.2446
-22.1376 42.2619
-27.3791 4.90968
41.6251 23.7209
-11.0191 46.9197
-45.441 35.9891
-21.3592 -12.5522
-7.78397 -3.70739
23.6094 -24.6061
27.1884 -28.0127
28.865 -65.5565
30.1404 3.25961
-13.3591 -4.20472
0.279494 -15.0995
-20.733 -1.65875
8.98792 -4.6936
20.2389 3.52115
33.3584 -1.85875
-4.44889 5.57324
-35.0395 -1.91585
-22.5952 -4.0726
-20.8198 10.5266
54.8628 2.48085
3.05094 12.152
-30.6899 -3.80112
0.915648 5.15174
32.8493 15.5558
-14.0533 -30.0534
-3.30715 25.0942
-5.95101 -23.3703
15.076 -11.6213
26.2361 -7.02602
38.9413 48.0078
-2.90915 3.4698
38.0241 -7.24357
-31.4456 10.3815
-16.6392 -21.3396
-31.8349 14.6222
-6.97532 -21.0353
24.667 9.64676
-22.7796 7.00149
-32.2058 -7.04758
-19.4722 38.4833
-15.1524 20.9831
-26.7517 15.8617
-32.111 -46.8827
-5.36776 -46.4453
11.0572 -14.532
-44.1507 -17.7401
13.9621 -4.35216
-0.536651 0.874697
3.05896 20.8534
-16.3746 -16.445
-1.87941 -11.6579
23.0423 2.22436
-49.5791 21.8925
-26.6759 19.7682
-16.9792 48.5028
-10.6904 -5.62541
5.8256 9.08937
10.0454 24.7581
-14.2819 63.8677
-46.462 -23.5215
-23.0632 -42.8983
-49.8727 -2.17967
-8.96783 4.49922
9.32936 -8.60375
-78.6279 -25.55
-17.399 3.96753
-16.7479 22.5283
35.9679 -30.5127
-17.5677 -15.9246
-18.4658 -32.234
26.6786 6.58287
7.06312 8.17264
33.7811 32.3477
20.1419 -65.127
-17.5662 37.3396
-17.2546 28.0321
-16.3311 35.1701
-21.8336 -22.2429
26.4366 -8.30264
-19.0573 35.0567
-37.5935 -3.51603
38.3023 21.685
-56.5907 -22.6391
-22.6924 4.78301
34.4522 0.741116
-3.36072 -42.5731
-1.60092 25.0562
-49.964 6.85188
24.0515 14.2693
80.3587 -29.0681
-2.19105 -19.0247
-34.87 -14.5084
11.3371 -2.6536
30.1046 -20.9412
2.59208 -19.3545
7.16877 -3.42737
35.4698 -17.0705
-8.88991 63.3823
2.64426 -15.3169
-6.46438 14.9727
-8.5603 22.2916
26.8622 -36.8637
-9.29627 -23.8374
-21.8168 5.6782
-10.3526 -26.074
6.34295 4.14172
-15.1038 5.39108
14.1262 14.2637
-52.1646 0.944661
20.1195 46.6186
-7.07235 -33.484
27.3876 11.113
25.7827 -34.3946
-17.7051 0.293489
15.7093 -36.3579
35.4713 0.702473
-18.8387 -6.40527
16.9059 61.7594
0.129281 12.6371
14.9326 -17.1096
-21.288 -24.0102
12.6023 1.40133
24.0496 38.3802
-9.9027 -31.3229
-25.1894 -13.3698
0.0124836 13.4577
29.5469 -43.1006
-26.972 -10.3683
23.6969 -11.4066
-0.657937 28.2401
-11.0097 13.9857
-41.5186 4.93707
-8.29468 0.69105
-15.0267 4.54325
-16.3402 -60.6979
-32.2512 50.6784
-8.23228 -16.4886
10.0201 -54.1912
-24.5541 4.6973
-34.8454 3.39208
35.3442 -42.1188
-36.3071 6.46692
0.253973 -31.4382
4.99607 22.3766
-29.2227 -6.2725
32.7681 -1.50571
5.25907 31.09
-9.56939 17.5919
-24.861 -31.1247
-55.6371 -19.4611
-11.6396 15.0228
-17.5189 8.03
12.6963 -2.58792
21.4644 16.7665
-30.0081 25.9548
4.61177 12.7187
2.25026 -49.4348
58.1398 17.5015
34.7882 41.9207
14.1657 -59.4424
18.8461 -3.37191
32.195 3.51076
-39.049 29.5386
-37.6835 5.11819
-13.4795 20.2652
-33.3114 -33.9888
-20.9712 5.13041
24.8334 22.6523
3.85409 1.54455
20.923 16.7255
11.7766 19.2701
-14.638 -40.0168
3.89759 -9.15102
-2.02516 -2.51665
-16.81 -20.9038
-3.67245 -4.25733
38.4858 45.8381
20.1788 -2.16396
-32.1477 7.74235
33.3437 1.93632
24.2062 27.863
-51.3118 8.55674
9.06331 -13.2247
24.3399 -68.3651
12.5288 3.19832
20.1181 -8.5474
5.219 6.96457
-25.2588 10.6998
33.6 2.63595
15.3954 35.0113
15.6834 -33.1621
12.5915 28.4143
-7.88025 13.5747
7.40254 13.5831
-7.86317 31.4075
20.5811 25.0345
30.8077 -0.956482
18.429 9.66716
-45.8494 3.21049
42.2688 -26.8593
-54.1584 45.4691
12.9574 18.9999
20.0715 -11.0721
-15.3231 24.2247
-34.3118 3.11445
-10.8634 -12.2248
-7.75629 8.57553
-17.769 -14.0484
-4.87489 1.30848
-9.83011 14.8198
18.3656 40.3536
12.5848 -11.5626
-6.7028 -8.35222
2.91396 33.9394
14.7772 8.64965
-28.5223 23.7855
-0.849116 -20.9997
5.80498 -4.17105
24.2451 -31.6938
-0.92229 -12.4202
11.9735 16.7169
-17.3842 18.5628
-17.904 -8.12798
13.0853 19.5489
51.0722 13.9471
20.8416 -14.6916
13.36 -36.0411
-6.08119 -6.73141
6.16184 2.96756
26.7853 5.29761
-12.9157 -14.6346
-18.0291 -33.7348
-22.1429 -35.0811
-13.4106 -58.1591
21.4359 -24.9872
21.3222 18.4762
18.0729 -30.276
-16.2865 20.7941
-5.29666 -26.8261
-27.311 10.0208
-41.5492 -1.20683
34.3753 -9.62881
-21.8308 29.1006
3.03995 -13.3854
-33.2627 12.8853
43.2954 53.9608
29.0292 23.1837
4.50495 -5.50877
10.6394 15.9862
5.2672 5.84145
17.8566 8.74686
-9.48355 22.3628
-69.1456 25.4329
-7.17116 29.1452
50.5708 12.066
-46.295 37.3754
5.20806 -10.6371
-8.59706 39.5751
-31.1816 -7.24196
-42.6586 -3.5414
5.69661 -13.7809
-10.3966 3.40594
14.2554 -10.1435
38.5328 8.74453
-1.66849 -23.4881
-14.488 -19.3284
-35.5517 -2.53525
29.6893 9.9123
-31.3867 -7.06071
-21.6035 7.56615
-46.756 9.61239
37.6296 17.1254
-51.9604 13.9677
29.1286 32.0151
-16.973 -10.6766
1.12629 -39.1536
28.3277 -2.96112
-32.7738 14.0996
-13.0668 15.1986
-49.5248 21.3607
-32.9306 -15.814
5.4291 15.3948
88.4531 -16.4379
11.4455 -12.4081
-2.41708 3.76463
15.1295 -28.3211
4.06101 3.15841
-5.21137 0.402505
27.994 9.98507
12.514 -31.3523
22.0526 24.6939
5.68937 6.65411
-6.6122 41.6823
30.8122 -29.7322
33.1856 46.5357
-8.56505 35.0674
38.3854 -22.715
-16.787 54.0691
-18.4625 -38.7966
8.36736 -22.8186
33.174 -20.5559
21.5462 23.3218
6.64836 -4.18365
5.79366 -10.9366
48.6515 1.61135
-3.55895 -34.4656
7.62509 5.35244
20.5941 -0.923357
-29.7538 17.0638
14.8343 -1.33759
-50.2241 7.67446
-22.5509 -8.84611
14.2023 19.8299
-32.8836 -5.65335
-0.653234 -5.89682
-48.3527 -11.2944
19.8873 -10.1132
-2.76067 7.8578
-41.5119 -38.2719
35.2105 -25.1216
-11.3528 1.6484
-17.9755 35.6936
13.9716 42.5212
11.319 3.16249
-9.61928 -9.04021
14.1383 -9.59007
-22.573 10.575
27.3301 -33.765
-8.34918 -21.2822
-0.179285 -48.8093
-20.0382 18.3733
-6.01019 -2.13817
-5.20565 -1.57532
36.397 -52.1222
1.06351 22.4135
10.4261 -53.1945
-19.1994 21.9233
5.23905 -3.53166
-1.21491 43.2561
-22.0217 -18.1256
-1.62206 -8.18341
14.793 5.30786
-43.6954 -14.6828
-22.6899 -24.0949
-20.0364 -2.70426
-18.629 -38.0557
-17.4938 -1.52719
-3.16836 -31.9393
7.36091 -20.874
-39.8234 -45.7372
-25.7995 -18.4989
20.6764 -6.32694
-41.6116 -6.16282
21.9582 -10.9229
32.1874 -27.1954
32.3375 -57.8314
-27.8508 32.1332
-31.1517 19.555
15.2185 6.00809
-25.6431 -4.0713
9.86714 -23.0641
-15.5741 19.8624
10.3032 16.7263
23.9929 17.4269
22.46 -29.4684
-32.053 5.9629
35.489 4.0433
32.9392 18.2354
26.3207 11.14
-43.7302 -21.4067
0.500083 5.39729
-34.1853 -22.2214
-9.46855 -33.5522
-22.7353 -15.2974
14.8223 -0.34481
-15.2198 -0.459011
-23.2036 10.6628
39.9754 -6.09496
-32.4049 -59.3089
-18.7532 -0.176602
-33.9405 -31.3574
-21.161 24.5346
27.9051 5.1917
10.0157 11.8986
7.10869 30.8976
-14.2293 -40.1615
35.9446 55.2762
34.0518 -0.985549
25.716 -35.885
18.2052 12.4495
-36.8959 -24.9446
-32.6926 27.2247
-15.2217 14.8597
34.3022 29.7897
25.4095 18.8672
-10.7663 -45.6433
10.4651 -1.9792
-15.185 -51.5206
19.7703 49.6123
26.0987 14.9797
-16.7578 4.85776
-30.5798 -10.0447
20.5955 7.86582
-4.08853 41.3945
-2.16443 -32.532
-3.75181 25.1063
1.2543 -37.0011
52.831 -3.531
9.1619 -33.4271
-7.28491 -52.3917
-5.75783 20.4538
-17.7813 -41.8138
29.502 24.1593
-13.6844 -13.0076
9.51952 24.5501
11.296 73.1443
0.183815 -14.9825
24.0927 14.7161
-42.2233 28.2933
-8.53852 -14.7557
-39.528 46.0192
-25.3983 21.5308
-12.6523 6.62235
-28.9233 9.41569
-18.0138 -29.1981
3.91657 -35.33
-42.5278 -54.555
27.5744 -62.6234
-52.4662 -6.32619
-5.76857 -14.9588
-44.3122 -13.6473
5.96239 -14.1411
11.8627 -14.2099
-67.4663 -24.5927
0.606266 5.90995
73.5844 -25.0937
-5.31089 -8.75258
16.024 5.8431
-28.2109 -12.1714
-0.249372 -10.4816
-9.0343 33.9331
-11.2848 -27.8445
-12.9807 -30.8422
12.9674 -8.89587
29.1962 35.8353
-5.88225 16.8084
-16.2479 -16.4421
-6.06962 -2.56753
-27.0423 5.97652
-32.7649 33.989
31.8561 -44.7556
-11.6989 -27.3011
-37.5969 5.60095
-17.3163 21.0107
60.6735 -0.606336
-10.7753 -27.4148
23.4861 0.677998
4.46276 14.4691
22.9855 50.5585
-39.4916 43.8274
28.2963 6.03363
21.7251 -20.7258
3.60633 22.245
-47.0247 10.3447
-34.4515 10.9707
-1.43802 11.5756
36.6939 -24.3248
-24.1795 9.83136
2.61554 25.7628
29.6443 -57.9355
67.0362 17.4084
-53.9018 -20.4982
30.66 35.5909
23.9834 7.62545
-2.36132 9.79034
-7.18021 -3.80498
-8.86546 3.51806
12.7485 7.20127
-27.7614 -25.5706
-18.6771 -14.226
-57.2748 -71.0005
5.6382 53.9338
18.3852 -17.1665
-5.18065 -9.14195
67.8875 -12.9741
-26.2194 27.3204
-26.4112 -21.2029
9.57425 26.7217
-2.37269 -47.2473
-5.02707 -35.1082
1.15114 -31.2451
12.1868 25.3056
-4.6294 4.98594
-63.5093 5.66252
17.191 -21.7625
12.2035 7.21242
-5.84546 42.6688
15.3536 -43.0999
-13.368 -44.6061
-44.3449 23.5924
25.9542 -34.6209
0.636829 9.9415
3.96375 -4.11536
-19.7525 27.4756
-18.6046 9.85171
27.4083 -20.4141
9.52463 10.5546
-7.78802 15.3883
9.48743 37.4813
-53.0686 14.9054
6.5751 17.3611
11.3978 29.0419
-55.7583 -30.3605
-21.075 19.7774
20.8389 -9.84369
21.5791 14.1152
15.6143 30.6781
2.17927 13.8532
-6.95362 15.5973
-10.7465 -59.6843
10.8082 -5.23966
-1.19765 2.9775
6.21824 -39.5295
-7.47286 15.5495
-6.05921 -6.01024
10.2108 -46.1039
-57.6777 21.1615
-6.80754 -19.5499
8.28492 19.6614
7.70359 -4.67911
4.42067 -32.3452
-14.2938 -51.5661
-52.2419 57.066
19.6751 11.9646
15.0879 -3.64275
-46.8096 -53.2796
-23.9495 -27.7368
16.0687 -11.0456
-17.6716 45.7783
5.12272 -9.77257
42.609 30.5364
-21.4854 -27.6553
-1.64773 0.767856
19.7977 -9.70897
15.0207 23.6753
-26.5579 -11.2674
25.9432 -16.0262
-12.6521 -22.9225
1.0321 -10.4804
-0.649653 45.1445
1.81925 -16.6475
-13.1837 13.0197
8.86778 19.0138
19.7594 -8.15863
10.4592 -7.4604
48.2087 10.2104
36.4136 -10.6223
-16.1323 2.0955
20.7005 -2.25348
2.2913 16.6579
2.21139 17.7148
17.777 -20.5012
26.4361 -65.2661
-25.8027 -14.499
-21.1931 -6.41982
46.8422 -33.0256
2.76099 -14.8889
35.7651 -20.8639
-3.37437 37.6379
30.1438 2.3205
39.6264 -1.30503
14.1534 18.0312
1.88958 21.3715
-6.28751 -27.6434
21.5715 -50.3314
11.1907 -31.3405
-0.623713 34.8718
-27.6719 -33.2688
-0.292015 6.46735
-26.2592 18.292
-9.61122 0.76068
-17.8765 -2.23931
7.34665 -12.5234
8.175 36.5362
-7.30307 -22.673
10.9914 -24.922
-71.3612 68.6436
33.4197 -31.9752
-6.37862 1.55091
-9.49555 -6.81785
-30.0528 -3.59192
-1.42847 20.0047
66.8672 24.7919
2.80815 -15.7332
-34.4199 46.8089
-8.42216 -17.8748
42.4887 14.0365
2.50494 48.1199
49.822 25.1716
28.5477 -25.3614
40.5293 10.4321
37.1188 -48.228
45.6693 -3.88531
-47.5925 56.5381
6.06329 -3.88081
34.6993 10.7274
10.1484 21.1546
47.188 38.88
20.2893 -17.7771
-8.13961 -26.8356
-4.96809 14.9431
-56.4687 13.5597
-33.8182 -47.8425
-12.2331 -54.0088
6.48462 -9.94912
-8.48272 -18.6016
4.4879 36.2742
-1.95303 -6.71641
-25.2412 69.1174
35.4884 -15.0759
