-0.939827 -1.76001
-3.84812 -10.4691
17.9443 -1.39978
-10.1517 19.2249
-11.1972 -4.4816
29.5934 0.0247216
11.5882 -17.8893
-25.0949 8.13615
20.9714 -19.2013
-23.8469 -21.2328
-45.8761 -4.52472
-9.9944 -1.5268
-17.9312 -30.0801
-1.33551 -27.7183
0.934669 -27.8188
-23.4442 11.0262
-5.29305 2.41601
28.8873 -7.10415
3.76437 -26.915
-1.45246 -6.39672
-32.8614 -12.6623
23.9124 -27.6591
16.1305 -12.3821
1.15288 -26.4209
-27.047 40.4663
-6.54108 3.03346
4.43176 -27.2251
11.9203 -21.6638
-8.83928 -13.1806
5.42518 -47.5423
12.6344 14.2591
-11.723 -3.40479
-9.1528 -14.4031
-0.475444 -3.8152
0.37271 23.1604
-0.742091 25.0374
6.71582 -32.2408
-4.48325 -11.2069
22.521 36.3802
7.89502 6.05039
-15.737 -11.3997
10.3124 18.2165
-4.6048 11.3649
17.0845 22.8354
-2.16335 25.7134
9.93976 11.9874
16.7097 -0.0647523
-18.7922 3.72648
24.1015 4.72264
6.93522 -9.20713
1.92523 -3.85801
-26.9411 -33.6006
41.9837 -28.8395
7.09406 -18.8942
24.537 -1.03271
0.979463 -25.9684
5.8336 -15.9961
-11.6631 -25.4654
-11.8438 -13.8153
25.4316 12.012
13.4858 0.500868
20.0078 14.4552
0.468208 -2.81923
1.36575 -41.5577
-13.1889 -11.3098
-44.007 -14.5673
2.58875 -8.68727
28.3092 -36.2481
-32.1328 19.0084
-8.49314 5.51784
24.6051 1.53632
-45.3228 8.47371
4.19857 2.67729
-22.2397 -3.54226
16.8831 2.90623
-5.82116 -48.9705
-11.5175 21.6331
-6.27115 20.9163
21.8471 11.3112
20.2175 20.4919
-9.68378 -4.21107
-4.87128 17.3122
-3.73231 -17.9773
30.6991 -14.6785
0.510586 9.05865
23.154 -0.756685
39.521 1.92513
25.9825 6.74564
-28.489 -22.1328
-9.80517 -0.942792
-10.0581 34.8349
8.26209 -5.82627
18.9234 -13.6463
0.542485 25.5761
4.77671 -24.7626
-23.0274 -12.755
-22.2665 -4.80188
-17.0276 14.7379
12.6282 8.27645
-0.717563 -5.09416
-5.35541 -15.3323
40.075 26.6082
-28.7857 4.15237
-20.522 33.4394
23.9949 -20.3707
0.283608 5.38498
-1.05485 -4.25747
4.5814 3.29071
22.1928 28.0004
9.53034 -13.4078
12.5954 -22.0302
-4.27784 23.659
-8.26122 38.0861
26.4421 -5.38583
4.90821 21.9637
-0.113029 8.95681
-3.38641 -3.96512
-3.02849 -15.6527
-9.68817 7.56011
21.2012 41.2844
-2.22016 -1.49586
-1.36472 4.13175
-18.2433 -14.5653
11.3039 41.8495
7.616 22.8504
15.0394 24.6167
-29.1377 -1.12682
-14.5373 25.4676
-6.53121 -24.7489
-26.5619 2.36255
-14.9119 11.6225
-15.8085 -27.687
-42.9767 8.7374
15.2935 -1.14365
7.31425 32.8666
13.9818 -18.2643
9.37484 -9.36175
0.134863 4.20323
-10.5259 -21.335
13.9205 16.8201
22.1961 -17.2189
-42.2717 20.5086
-9.06845 -4.54079
21.6956 22.8287
-19.6352 23.8771
-24.0493 -30.7259
-23.1427 8.68404
20.0687 -21.5481
-5.66451 -8.56247
31.1672 -1.51349
-21.5007 19.6918
-27.7264 -5.31103
-3.51048 37.7053
-11.9606 -16.5391
50.3163 33.9528
11.6791 -32.9669
-26.6457 -27.4352
-16.7437 17.8317
5.11389 3.69622
-9.97917 -16.1769
-16.6727 -19.6588
-7.51089 2.46615
12.2655 1.31395
-10.6887 21.8219
-47.1732 28.6879
10.5856 -0.498322
5.67908 -5.98815
-20.4377 15.9018
-20.3686 -19.0735
-9.77051 4.32151
-53.3309 16.5057
-14.8126 17.2555
10.7813 -0.594747
27.5579 -0.359287
22.2108 0.74957
-16.3488 6.52117
-35.5163 -15.2446
40.2509 -14.4247
26.0448 11.5548
6.06075 24.9048
18.8683 21.3625
-8.00998 -15.1185
-0.121182 -21.4725
8.02219 25.0578
-5.19047 34.5699
25.5354 5.01181
13.52 -12.5177
25.096 15.6293
30.4653 -23.5046
-23.7903 -15.7923
38.07 13.9592
-32.6141 4.63808
-31.4696 10.5095
-15.2257 -3.59395
-12.5421 -29.7249
30.8716 7.50693
-16.8528 -33.5494
3.35079 20.3865
-2.4993 -11.0109
-13.758 -15.8481
-10.9701 10.9923
-4.01192 19.5738
19.7033 -13.678
-1.75779 -40.8478
-15.9885 -8.18169
5.07242 -19.5911
-26.6827 -7.43943
10.5828 -43.4114
11.7989 -1.32704
-23.932 -22.6022
3.87845 -18.6545
32.7181 17.8404
-8.26102 4.81047
5.76874 31.4723
12.1699 -22.4794
19.5411 -13.1088
22.1726 23.223
5.6601 17.2904
10.1764 -12.8584
18.4981 -14.2158
-14.5792 2.95944
-25.9377 -34.4457
7.5066 -16.4084
-20.1699 17.1253
-14.5572 -2.24937
-20.591 -18.4949
6.18758 -31.4764
3.66172 -2.26378
-3.74399 -7.21278
-4.94156 -4.95772
16.0176 10.2438
-25.2189 14.8671
9.8671 1.59739
9.02748 -30.6059
-23.8821 -2.15456
30.2133 11.4667
-20.5157 15.9314
-23.0274 0.0551443
8.53861 1.6619
-11.321 -21.7831
-18.1215 24.1972
15.4823 -4.54483
5.90993 -2.85476
9.73745 8.29668
33.6914 26.0539
-6.69328 3.69029
18.9249 -2.3879
5.52799 0.415104
-14.9219 -21.4066
-11.6808 -4.96605
-28.3497 -30.3328
-18.8337 -5.25754
-1.67645 8.8338
11.6756 -17.6563
-7.02943 9.63869
-26.5655 19.3111
-1.62897 26.895
16.4005 16.0515
-5.33692 -19.465
-12.4227 -10.5573
23.661 -16.5633
14.2166 28.9653
0.566786 -35.4673
0.27618 -4.54254
-27.9033 0.376538
-37.6972 -7.78832
-22.3758 -5.26869
13.7477 8.66364
-12.7887 15.8458
1.88333 36.2683
-5.63571 -25.6227
24.0489 -2.58887
0.590862 -11.8428
10.4611 -8.92431
14.83 -18.0264
5.55711 -17.9836
39.7508 -35.9485
-8.53247 -26.8246
17.3072 -7.25849
-20.9412 24.2662
36.0933 13.947
-3.21581 7.90614
-18.0854 14.9814
-9.35063 -21.7561
-8.18768 -2.19383
42.3031 -12.9901
19.1854 30.1309
29.0625 11.1419
26.7116 2.22535
-5.02284 20.3559
-22.9082 15.6808
-16.1331 16.2163
10.5367 -15.248
18.6945 -0.338734
27.7282 -19.4492
-39.1481 1.10439
-16.2607 -14.0773
-19.2358 9.67478
8.53358 -6.89256
17.5396 -7.30815
-21.7553 2.85304
-25.3695 19.6875
-5.25501 -17.6024
-1.4633 -5.94584
-12.1831 4.80112
15.3207 13.4852
1.74519 30.4799
12.1392 2.95449
-12.0451 -34.5518
-14.3748 9.18483
2.6502 32.4958
9.76866 9.9963
-10.149 12.3333
-0.0655994 33.3032
4.56453 7.67106
9.47731 -6.2921
8.88063 7.21385
-28.6624 -7.70033
14.4197 7.82161
0.340081 -13.6029
23.2862 -14.3596
-4.56782 -3.13056
21.607 -6.73773
8.55507 10.2369
22.4573 -28.0441
-9.80266 33.9452
-5.98579 -7.56336
33.4682 22.3999
3.04342 0.988855
18.2981 -29.0999
-4.00331 -0.370259
43.2168 -44.4461
6.387 -18.4121
-29.6242 -18.4954
-12.7626 -21.4213
-6.77414 12.1591
-14.7465 8.18299
21.9775 -37.653
-31.0307 14.4401
3.27469 3.09651
13.3165 -42.2727
-2.60845 -16.147
34.3273 17.6509
-10.2223 13.3542
19.2944 -11.6106
9.51956 -23.1239
-15.3555 -2.31634
-6.28854 39.5831
5.53834 9.68312
-29.5446 -16.8622
-6.70887 -15.4054
23.1998 7.17616
18.1843 -9.99117
-19.8678 7.96027
5.45629 -23.8611
-0.453804 -3.962
-17.1727 -3.83351
-19.2102 -12.2587
-1.8128 3.83304
27.1224 -5.31985
19.4835 -18.5318
10.1154 14.207
-16.6019 12.7774
-24.1084 20.6594
9.43099 5.77459
19.891 -4.06927
-19.6092 18.0086
-19.8108 5.49717
4.0685 -14.7023
-6.72928 18.6291
10.7625 -8.3649
15.7501 -14.5009
14.096 -17.9675
3.03438 -3.21529
2.5937 15.5942
1.78685 -21.3082
-11.7107 -7.40648
22.1622 -11.1381
14.987 -9.44358
-7.26463 -2.87339
4.52255 22.6327
19.0909 0.796352
-10.2644 -0.51981
2.15325 -10.5552
-15.338 -10.7407
-20.1392 -0.525383
10.8099 -1.75106
-1.51648 -12.0384
-9.26606 36.3291
-18.4252 3.84731
3.29571 -8.82717
-16.9941 -7.8002
9.02171 -25.5109
-5.84162 50.6801
25.3343 -7.04636
-49.873 14.9241
-7.04067 -13.199
30.8929 38.5454
30.717 -19.363
13.6959 8.98323
12.1818 -8.32578
-34.9523 -21.5236
21.1559 12.7584
-27.8973 -0.7455
9.90675 -20.9927
-3.81351 -19.3635
-10.502 0.620566
4.2617 14.0772
-15.1806 -16.9537
3.35302 -14.3899
-4.43615 -24.4752
-6.21183 4.97505
-21.4725 -16.0441
-7.4652 29.8445
6.24231 -3.97258
-3.5347 -15.7577
14.1434 31.7965
-19.0868 25.3064
-3.52652 -21.4356
31.4934 -8.71488
-12.7928 -12.0038
-18.4386 -2.61528
23.2924 2.6712
22.6046 -15.948
3.4014 -22.7518
9.40701 15.9651
17.3443 -9.51379
25.6702 20.6498
-16.2205 -3.27513
22.1574 5.79455
25.1728 18.2153
10.3032 14.9846
7.94568 22.43
-5.5483 9.89203
38.9619 -26.6064
-20.8188 13.7027
9.902 14.6448
-23.3054 -18.5069
-8.26338 -4.59592
-0.933622 -1.98002
38.9081 2.15471
-36.2408 3.29879
17.488 -11.2879
-16.1215 -43.1824
-19.2303 1.71643
-8.30909 -8.91348
29.4765 -20.9375
-5.96546 -15.0229
3.96109 -2.6391
-30.9547 -2.65142
-10.1454 -8.48838
-13.4977 18.6901
-10.8134 -0.770761
14.1157 12.734
-1.25726 -20.607
4.08014 10.823
-7.49569 -1.4934
-3.51727 -25.517
-14.6623 -10.6973
36.0187 -27.4768
-16.9598 -13.6466
-13.398 -29.2138
29.2526 -16.6031
-8.77763 -4.67293
29.623 8.17437
-5.70284 5.51585
-19.1359 -13.9638
6.72428 23.8133
-12.9871 -23.958
13.8266 3.6024
-10.7103 -7.15786
28.3804 -5.74444
4.59801 -6.25636
3.27361 4.16186
-4.42289 17.9756
17.7479 15.0724
27.5239 -11.3032
-41.1461 3.30657
-13.0127 29.069
24.5445 -6.75672
21.4809 -16.5457
-5.37731 8.72688
11.0815 10.0957
9.70857 -16.607
6.19974 -4.84983
-36.7152 -38.9052
-25.3279 -8.93007
-3.46882 4.24161
-5.74514 0.617642
-12.3937 7.98166
-9.60011 -44.4644
-7.08646 -14.2376
-3.41864 21.979
-9.55971 -13.2409
29.0663 -15.5355
-0.972697 28.8068
-35.9143 -7.16074
6.31728 20.057
-11.4257 -5.05819
-11.0695 11.0497
-2.82695 -13.2302
27.0524 8.41234
-4.05234 -8.2236
-32.4505 -6.03335
8.66616 -24.4992
13.3714 -27.637
-18.223 -11.6723
-5.07674 16.4117
1.43033 -30.7024
-8.29496 23.1386
-19.5188 -6.91237
19.0484 -35.404
-25.4402 10.6315
-24.9429 4.77178
26.7363 5.31273
-15.4802 28.2096
0.776512 5.76145
-42.3304 14.2807
12.5748 28.0707
29.946 -29.1427
15.8491 -20.7411
8.37704 -27.8591
9.36199 4.70772
4.54917 10.5831
-12.5252 -0.905584
23.7459 -7.74929
-9.98639 -37.4589
-2.65431 -4.02993
9.78697 -7.2254
-30.8612 -4.32615
-4.07715 -2.17433
-21.9376 -1.55573
-0.189199 -4.99502
2.568 9.35783
-11.959 23.3154
14.8323 3.77548
11.426 1.33384
5.3655 -33.299
-25.9358 11.5129
2.44461 40.9702
-11.0991 -9.29767
4.75086 5.27409
-5.73323 12.9537
9.50655 24.6143
5.27085 -29.5773
3.16912 -22.5784
-9.12951 23.981
-1.39211 -18.9884
4.83389 -25.1455
-1.6765 13.4181
0.179757 3.50354
21.6089 8.41528
3.21298 16.1635
17.9328 12.4583
2.39499 -6.81342
21.0932 -13.4014
-10.9764 15.2715
4.33074 -10.667
-15.9862 3.47083
24.717 22.8458
-5.67155 -4.77114
40.1365 0.844986
20.0607 6.48242
40.779 2.12302
-40.5324 14.8955
26.0914 0.791595
45.7615 -3.09807
-19.9974 2.53347
-5.70782 -8.3494
28.8675 33.5005
-9.34373 -24.0727
3.56585 -3.56149
13.2423 9.66507
5.2878 9.09435
7.50157 6.14429
9.52168 12.3773
26.4457 10.1237
1.44476 -14.1386
18.8014 -6.36111
-28.0045 23.6928
13.8175 -2.51536
10.727 1.75308
14.2962 2.38649
-4.21854 14.0993
-22.6971 -6.49855
-10.277 -0.459414
16.9046 -13.8556
2.6894 8.13079
-10.5582 -16.0231
-2.76201 10.0954
7.88645 -3.99085
11.3048 6.32691
24.8932 -14.0874
-35.6206 37.7875
27.1195 24.1291
13.4274 10.0816
3.26954 38.5809
30.9013 -38.2187
33.55 -9.50222
-0.498591 20.5236
5.32597 8.2925
-14.6529 21.863
-29.9834 -8.24558
-26.451 -8.85193
16.4655 -34.8934
-13.7411 17.5084
20.471 30.6706
-14.6375 4.83796
-8.62083 -4.77619
-14.0332 -14.7875
3.85848 -2.57381
20.7482 16.2606
-17.8758 -8.01293
-1.55549 26.5879
14.6541 -14.9597
-21.0316 1.6806
21.2576 0.435416
-10.7255 -7.36559
3.43532 -7.78971
-8.8858 17.4965
-3.00457 -17.6867
8.61748 -58.4311
-7.96552 30.8403
-43.3396 33.1726
-0.190058 0.845055
12.2942 -31.854
-6.51334 3.45587
7.41574 8.94628
31.8713 -10.2315
-1.10465 -1.59384
-10.7732 15.9679
-9.17932 -16.1391
16.5611 -18.8108
39.9244 -27.7585
42.8318 12.3696
24.4417 35.4365
17.4391 -20.4938
1.52314 27.1669
7.80606 0.896337
0.576203 -16.4235
21.2813 -16.9656
12.9438 6.30596
-4.02999 28.5374
4.89165 7.09435
-4.31347 -29.7001
-24.8788 2.65628
-27.0396 -5.4871
-25.3312 28.5817
-11.6326 31.6128
21.7632 -6.05768
-15.8879 -7.47158
-0.731842 -13.6844
0.62621 -18.2662
-5.24756 -7.45959
-6.07251 21.951
-2.05069 -30.0477
27.7349 -15.1206
13.0564 17.4032
-17.3748 23.323
38.5733 16.8514
21.7333 -22.5287
12.7259 -4.02116
26.7486 25.8426
32.6567 8.13652
-35.1167 17.188
-20.5003 -9.37227
-0.984056 -47.1493
10.0616 -22.6205
-27.033 -14.6783
6.13956 -17.1326
-50.0839 3.2226
-18.6204 20.4333
-14.6139 4.16322
10.6112 16.6435
-4.20633 10.9812
4.05114 -12.0608
10.5092 -23.9449
-25.8056 -12.4653
-33.4493 6.0453
-30.1529 -4.96787
-11.3472 27.3816
13.3273 -4.36999
-12.3343 14.0896
27.6971 -10.4089
-1.30575 -11.3237
9.67095 -1.08731
-11.0937 -9.0391
-20.1041 -17.8379
-5.10862 4.8504
-6.07403 -8.67811
12.5174 -0.39747
-5.44866 -1.10283
-8.9922 -20.7725
21.35 -14.2229
3.83665 -0.886429
-7.95859 -33.797
-0.331642 -4.55529
-21.34 17.0359
1.89758 15.3242
-0.450295 -1.35582
-12.5069 8.71036
23.6913 -17.3759
-30.4488 15.4587
5.43353 -20.2967
50.8621 33.5707
-6.14237 9.079
-12.8271 6.38772
-16.7786 12.5877
-10.5118 0.652538
-5.10406 24.2153
-15.5166 -24.0083
-13.3186 44.7363
1.87886 18.8977
35.794 -9.45372
-32.1803 -34.8269
-47.5273 23.6705
-12.1848 3.57412
-5.94162 11.088
15.887 9.78331
5.69944 20.4868
-12.7491 -0.552802
30.2857 1.27771
-6.33487 24.8152
2.41237 17.0147
2.41322 -5.6606
10.9938 -2.76177
-5.67585 20.7529
6.11336 4.27952
-3.45613 -5.45973
14.0011 -41.7508
6.74983 1.59156
34.5226 59.0199
-19.6105 16.8817
-8.74341 5.50297
-17.0023 18.0892
16.811 18.0423
-16.7099 -30.4077
-3.78025 25.4152
20.7443 -6.07831
5.92491 3.15412
8.1673 23.2851
-36.5246 -4.61084
31.4218 -7.31208
-2.52345 -3.03184
24.0669 32.026
-8.45768 24.3328
-7.66665 -15.3116
-18.9444 5.23176
26.8459 19.7434
41.9312 30.3303
-7.99678 42.6923
-5.9425 -36.061
43.5931 -52.1681
9.87177 -1.38604
-12.1308 -35.734
-13.4177 -11.3146
13.1564 -7.61611
28.6004 18.3708
45.6465 5.40351
2.98113 -34.4708
-10.6088 4.00778
4.59684 -0.447298
-19.1072 37.6838
-9.33471 -9.97003
4.41407 41.6549
-7.07576 -25.5735
14.9439 -17.8416
-17.7923 -10.7883
-12.734 1.10407
-16.7069 20.0223
21.6685 9.30783
19.2784 10.3802
2.12973 24.4086
-10.033 -55.8178
29.0993 8.5673
32.6197 -31.5989
-26.8073 -1.07901
38.2609 6.44781
-25.2813 13.3004
2.93981 -0.119879
-18.47 -6.29453
19.4453 -4.27651
-3.75479 -11.2344
-31.1701 -4.75473
-11.9198 -18.4306
-41.1179 0.775446
-12.7715 -28.6844
18.5778 11.8288
4.42109 -4.22139
7.53613 -15.1868
-2.45443 -14.8103
-25.8402 23.939
-11.3953 5.16146
2.12076 19.9213
28.6238 1.28467
-10.0519 -20.5097
-2.26076 15.6388
-11.1639 -0.332121
1.71783 -10.0029
11.6741 13.3834
-0.922189 -15.3032
7.94429 4.90682
2.5029 -2.76849
-2.29549 -34.5056
9.04995 32.2078
-5.8464 8.46
41.288 -2.46649
-21.3979 13.6474
-7.51983 -1.43584
-18.0551 38.9532
0.011354 -36.2
3.95094 2.07309
39.4275 -6.24949
2.3343 23.3232
-6.03493 47.3439
31.428 -9.69728
3.50493 11.776
-2.91558 -15.3095
-5.68101 27.307
-13.1194 14.1339
-24.0611 27.714
-28.6267 17.7482
6.12521 36.9637
-29.0574 7.80967
-42.9061 -7.89669
-43.7889 2.98961
8.1189 -24.7986
13.48 -13.8202
-18.5444 13.1275
11.2045 -25.5306
-19.1141 -9.93073
-16.933 6.82392
-21.3757 4.95493
-17.5431 9.00316
-1.51727 -1.45742
-4.79589 0.789905
24.9102 -5.7496
6.20876 12.6956
-4.31845 -14.61
-2.08776 -12.6399
-3.3489 23.219
29.3099 43.4221
-22.5353 -5.1826
-24.9242 17.9587
-7.70752 12.7372
-42.2998 -17.9531
22.5507 14.4444
32.6078 21.0602
6.81901 -7.39172
-9.41012 -4.98346
3.43951 28.5764
-9.5745 -31.0631
27.9403 10.4431
-15.3479 -3.22094
30.4083 57.3011
-31.8342 -39.7085
-12.0336 -15.2264
7.45438 -26.7942
1.07544 -16.9986
12.057 -40.9119
15.4161 -12.2949
-0.305608 -1.45303
38.7691 13.7721
-13.6271 -18.06
9.07341 -14.4913
-37.8771 30.8333
16.4583 -21.2379
-12.3429 -11.4405
-12.5944 2.36008
-4.18441 12.7714
8.78004 -6.53652
-7.68263 17.639
17.9449 -13.6518
0.490774 -19.3413
-22.5973 -13.9566
11.8279 -24.6841
-7.46779 6.6096
-31.8198 19.1242
9.3948 12.0578
-26.3929 7.00231
-18.0472 -11.5682
-41.976 14.2132
17.8566 -16.5986
23.7414 -12.9878
-20.1741 -27.7989
-12.8254 -32.0043
-1.19529 -10.8963
11.8335 -8.82812
-22.0453 -39.3397
5.64162 15.1243
-16.395 -16.8058
0.435725 29.4212
-8.66987 11.0962
42.4273 4.13088
-34.1088 -3.02022
20.6135 5.79957
28.2913 1.13997
17.5588 5.18685
-0.0268669 -12.6469
27.6954 -16.7893
9.66827 -9.15894
-2.26354 34.659
8.18654 12.2821
-28.1567 -5.89383
25.0827 -0.589028
10.0497 10.2421
-9.18064 -4.38785
-16.8436 -16.9172
10.2995 20.5286
-2.91146 -5.89824
-10.0905 5.62782
4.62322 -7.31491
-12.3777 -0.506604
6.72573 31.6528
-21.5451 -14.1177
-6.15263 14.1308
-0.078752 -1.12657
-17.5471 11.696
-10.948 -29.3268
20.9272 25.1776
-7.15505 2.9341
0.844266 10.1096
-1.81694 18.4354
-17.4355 -16.7545
-25.9496 -27.1132
-2.87408 -5.10184
2.74442 10.2489
2.6572 -12.1362
-26.5383 -19.6241
5.5462 -8.80714
-21.77 17.5687
-26.7881 19.9165
13.8293 -32.5197
8.8048 22.8541
-11.2093 44.336
20.3534 12.5079
14.7399 9.58447
-21.2704 30.9007
1.30011 3.46677
-30.3807 -30.1155
3.84308 -14.4671
-4.29195 -6.04653
-12.5382 -16.0003
-11.4838 20.0784
-1.78383 5.53617
-38.1711 30.2302
-9.33292 -17.813
7.62899 -29.7412
-11.1745 -26.3949
15.1542 -27.7596
26.2749 -7.86994
54.1994 8.22559
14.0837 19.8683
21.218 -3.48656
25.7937 -22.1967
-3.71163 -18.1056
7.55451 -3.19254
3.25277 2.05705
-7.39407 -4.18031
-4.45742 -24.0466
1.89884 10.8896
18.498 -19.5532
-3.60485 -36.1199
1.95119 -24.3849
6.07165 16.9975
7.82601 -11.0563
-3.48198 19.8429
11.5443 4.14804
-0.180394 13.974
1.48923 -8.60251
-23.7479 -20.5262
1.19208 -27.0355
-13.9859 4.84152
-18.5729 -19.3127
37.5012 -40.9658
23.4194 -10.5682
-24.8142 23.0478
6.02343 9.81587
-9.73643 -0.663755
3.92541 10.4671
7.04297 -11.9844
-9.0288 3.39394
-38.2492 23.7346
-4.78243 -16.6523
5.15541 -6.20302
23.3776 19.7257
16.8963 -18.0114
-5.59067 -10.0691
1.12533 18.788
-4.06092 23.995
6.83374 -27.4135
5.16568 5.68939
-11.443 17.6607
6.79747 2.61636
-37.7449 2.65012
-2.84604 -9.05455
3.52679 1.32738
13.0688 -13.6773
-12.5485 6.57379
32.8277 -16.8334
5.29669 27.7038
42.3319 -0.310502
28.5825 -50.4644
-20.8943 -19.372
-1.48283 0.801875
-12.3574 15.3974
-7.04439 -34.8584
-20.5481 -11.7011
-11.7234 -17.8165
17.0782 6.12146
-30.0516 18.8387
5.83563 31.0449
32.0995 -14.7249
-15.2678 -7.55962
44.8488 1.27221
-1.69214 -11.5466
-18.7816 4.94105
41.2466 -23.0041
-8.10532 -43.8717
19.1138 -6.78737
-30.6911 26.2653
-14.7887 2.9327
-0.935253 5.19781
29.8392 -25.7397
