13.3587 -18.2042
-25.1605 16.124
-27.1925 16.0473
-12.1579 24.0734
10.7377 -27.422
-37.6916 -7.01056
-5.46621 46.9692
-17.1549 -4.20218
6.95286 21.0659
-14.3991 34.3246
23.6024 15.0626
-12.7542 -57.0606
-13.1112 -0.36408
-26.9087 -47.4842
4.64318 16.8041
-13.8598 -27.5083
-0.726717 38.935
32.0068 -11.9029
-23.9641 -29.6758
-14.6258 3.73403
34.5311 23.7671
-16.2582 16.8249
8.5363 35.4628
-6.47894 -30.47
-30.0816 -17.9181
-36.8971 -23.6561
19.6971 -5.33176
18.5292 6.64032
42.8247 -2.95853
-32.7233 -66.3399
-3.91858 33.1136
-12.9036 9.06655
10.9151 -45.3323
-19.0748 -32.0477
10.6264 1.73044
-16.7603 4.81701
-8.46804 -1.83171
0.129327 1.31301
-26.7953 29.2402
-13.4661 23.3722
0.0421476 -33.3217
-27.7213 -3.4187
0.201175 -28.695
-42.7597 -3.64454
6.01457 -47.3626
26.1378 -4.95752
-17.6022 15.3048
-4.18477 4.27747
20.6302 -17.3271
-30.7612 -4.38675
17.8893 28.776
-16.8337 -9.78011
-46.6058 15.4116
-23.4219 21.7427
31.8807 24.3802
21.8387 -10.6417
14.7548 -39.5343
-59.4764 16.2399
2.99081 -1.06634
26.529 -22.8585
26.5875 26.3749
67.4034 -8.98341
-46.7007 25.7618
0.234743 14.8911
-27.2308 -30.8594
-26.3553 36.3338
18.1229 -31.83
-25.741 11.1561
14.621 50.3182
-15.081 -0.993342
-19.0264 -10.8791
10.3057 24.5148
5.65839 -13.8088
-8.17596 32.5134
-2.58978 7.41572
0.0240726 -0.768458
-4.02285 8.12294
-20.4706 -21.7397
8.65905 -15.3787
-34.9372 -37.901
13.0853 69.0835
12.8992 -27.7223
37.3741 50.7077
-5.51256 -40.4301
7.06707 15.5862
9.98373 6.47565
1.52893 8.10037
-4.26493 1.48314
26.211 -25.1152
-5.16585 35.5413
-13.0198 35.1965
1.93253 11.8458
1.36773 -6.1349
2.71971 45.35
-0.65712 -35.0028
60.8566 9.47138
13.8411 -28.8921
7.26681 -19.7679
16.7093 -2.25589
5.80693 -24.225
-16.2066 43.501
19.8255 -44.1425
-8.1364 -14.0208
15.1523 -36.3784
-20.6438 1.04588
-7.15727 -9.31889
-12.4209 -14.8303
8.05395 -31.754
19.3486 0.39604
-30.5267 -16.9141
-46.8011 36.7688
53.0363 -2.25578
20.7289 6.73612
-8.51037 29.0779
-9.2009 -1.64285
-15.7896 -66.7127
17.5781 11.3408
-7.91503 44.0307
-6.13167 -41.32
-31.2341 17.4453
64.2588 7.44551
3.10521 20.8071
34.7913 -26.6226
26.2519 9.52242
-57.398 -25.2942
-28.1155 -3.41305
6.51381 -8.73725
3.2438 -16.735
5.21476 20.6266
5.14838 7.35159
22.4504 1.67922
13.1195 27.2505
-8.94693 22.9934
-1.72747 30.5412
-16.8458 33.8668
19.9686 9.4563
-55.1233 40.4259
-25.6306 28.3595
-28.1729 -26.2254
-11.1034 -25.0598
-3.20728 24.4078
0.0970554 1.57665
1.69274 2.46122
27.0227 -47.4983
2.64528 -10.5245
8.36127 -6.03534
8.63462 20.2743
-3.60866 -50.556
-35.9496 42.9378
12.7021 -45.5503
8.47843 -29.2276
-33.8443 -37.2722
52.8767 62.2764
-20.3903 19.3747
-47.7145 33.5502
26.0789 -37.8284
-5.72148 15.9324
-14.4506 55.6783
-23.9758 -19.6154
-35.3215 15.5434
21.0451 25.5672
-6.90103 -30.4814
36.0735 -24.4806
-29.5383 44.4854
-36.0344 17.7182
46.6421 -23.6119
6.0286 28.914
0.442766 6.57783
-5.48123 5.36251
-8.28668 -26.7613
23.0771 -15.1922
7.0758 33.985
28.132 2.62024
-26.8273 -41.985
30.3733 4.75723
-38.0227 -4.94696
18.7077 -36.5742
13.8923 -1.81096
-40.3776 7.83264
-11.5027 -11.537
4.68194 -8.0233
5.25611 36.1236
-29.2372 19.1601
9.36424 -6.00359
-48.3294 -29.9678
19.996 -23.8291
-8.45027 -0.0342255
48.752 -26.2263
-24.43 -16.4975
51.2979 17.9839
-5.8777 51.1474
67.8183 -17.6216
7.13121 -4.32756
-30.7697 21.4981
35.7191 15.3872
-25.1553 -23.9798
-1.94872 23.7527
2.32572 -28.1305
1.01066 0.180474
-12.0188 -0.028161
-22.9659 -3.09888
-63.5187 13.5204
45.9046 -12.7201
-15.3494 16.9747
7.6373 22.773
-40.4676 -27.028
-0.0781188 25.4556
-19.9819 -4.50134
-46.5796 -32.7647
-31.5054 -11.8158
17.2099 4.53616
55.7579 51.27
-37.719 -36.2161
-17.5663 -22.4719
4.09613 21.0381
19.0063 -5.55066
-25.4274 12.1625
29.8223 -7.2376
28.9938 61.0007
-0.704093 -29.7826
-1.65279 38.5235
17.6508 8.82512
0.450838 -10.201
3.63372 19.5856
30.7702 28.2238
15.4744 0.661305
1.24107 -44.7763
-22.2007 6.11783
2.46384 25.8231
16.8407 -1.15595
-23.3306 -4.78837
-15.8437 16.9987
13.7804 -38.9082
-25.4346 16.5831
-10.1196 9.15535
5.45445 -58.9197
-5.86036 -15.5364
53.0925 5.16732
29.1223 -34.3878
-92.4933 -7.81335
7.66934 -14.5406
-45.1208 24.5235
-0.710477 -13.6898
-14.7532 4.0408
-27.7725 9.34715
-13.788 -11.2788
33.6605 -2.48138
25.1936 24.6932
3.48208 -5.22663
18.8303 6.95919
-26.5187 36.3658
24.8713 -10.8567
-97.4898 -34.0617
-17.6265 25.7554
-2.12404 -34.517
35.2518 2.89869
-28.3419 -4.06671
18.3134 -30.3225
-31.2091 -3.77006
5.10161 -14.5577
-30.3106 -13.3754
2.08758 8.63046
23.863 -9.01436
47.3293 -18.0018
11.6182 -15.5525
-19.366 8.2244
26.3704 -8.7765
53.8036 -1.31422
12.7166 -85.5154
29.2153 -32.9358
52.6901 -6.95345
10.0376 -27.722
65.5356 -18.9748
1.57696 -11.5387
46.6531 -2.17159
24.1042 -2.7326
25.0959 5.28069
69.8471 5.11864
-48.5452 4.00119
2.07846 -25.6022
11.1362 0.387972
54.35 -4.78247
7.42585 -1.15853
-5.73609 -0.28964
-5.98253 72.6752
14.5737 -29.6933
34.8392 -6.32341
-26.5358 24.8519
-61.5037 -37.1839
2.52145 -68.0031
7.47508 -53.9295
14.2531 53.7536
50.9941 45.1339
-0.276398 -17.7555
-27.8603 -4.70795
-17.3088 -14.9638
14.8841 40.2681
-29.1752 -7.13873
14.0171 -8.21822
-23.3588 -20.4569
28.9419 -1.94814
20.0924 -37.0047
51.0814 -15.2247
31.6968 -32.3719
-10.399 -0.931697
-69.2655 24.9957
-27.3624 23.332
28.6876 21.0843
-33.7369 -27.024
31.908 47.4048
-7.46181 30.0146
39.6032 9.2143
-17.5972 -22.4678
-9.61408 41.1845
-23.3008 34.0492
42.5651 11.8117
-0.782724 -12.8114
-25.2681 2.75505
43.2073 14.2161
8.04449 -12.6209
-32.4833 16.4921
16.9422 -86.0186
-42.8027 -22.4523
9.32721 -8.7065
19.2936 -3.413
47.7782 -23.7502
-10.8754 39.8218
1.02802 2.78098
-52.7753 -15.7613
15.194 23.0638
4.6118 -8.0743
-30.4101 -38.3678
0.474403 -66.0616
-3.4639 -26.8156
-8.72793 -11.8809
-11.7793 -10.7142
-30.4223 -28.9249
-46.2748 2.11543
-32.5275 -17.069
-3.43047 62.9165
-21.4725 -9.76377
6.25093 44.455
31.1499 21.1046
-14.2497 -33.5405
21.2577 -29.1958
-21.4347 9.86458
31.6103 -59.8159
8.1417 24.3057
-20.7524 -25.9956
-48.3345 22.6444
2.71675 35.1819
2.65971 5.40781
24.5473 -20.9088
25.1381 -34.4274
4.54131 -2.24634
16.9542 -39.267
-3.41586 -49.5698
-3.00698 17.3205
19.2567 3.35296
2.81672 5.73566
30.1638 -9.89197
28.2787 22.8481
-5.0202 6.45804
11.3792 12.9539
5.98263 6.27504
-3.52448 -55.3262
27.6886 8.04029
-25.8196 14.2602
-8.59918 -25.8668
30.196 -5.53028
-21.6286 -6.89339
30.8558 30.8038
-14.2557 31.3821
1.01987 10.4008
52.1953 17.5883
1.62976 -11.7731
-32.6202 43.0114
33.0358 -13.0045
62.0445 -1.90438
8.35163 -21.5624
-22.2112 2.09892
1.62878 5.01203
26.3413 -30.9899
9.65946 -44.2599
-29.7046 20.7044
0.653986 10.0191
-12.0638 3.28551
3.89067 -36.6347
-27.8049 6.24048
-18.5639 -6.80161
61.6496 1.55213
25.6338 -16.2369
-6.0184 -10.2858
8.45154 19.2086
0.527157 7.17519
30.2037 -15.9645
-43.0578 -24.1558
-13.1801 -15.1916
-28.2317 -20.0642
-14.4234 13.5736
-10.4272 38.1517
-17.6247 -5.48671
-6.2588 31.3929
21.1107 8.57272
11.0214 32.3728
19.6581 11.2069
42.7352 36.9724
-10.285 6.9068
-27.0099 -45.5428
-7.73221 25.8123
31.0982 -3.00044
-28.0809 -19.7931
-27.2914 -28.6578
-29.9182 8.8672
-31.9914 44.3654
-11.7861 39.9525
-18.819 26.2839
39.2324 -36.1261
10.9554 -18.8031
-16.8237 -5.76194
-0.224373 30.374
7.01119 -6.72655
41.5208 -29.0904
42.2545 65.2456
27.1645 -4.61456
4.02218 8.06632
34.5883 -16.3426
44.2352 -71.7378
6.57782 14.8887
-5.96045 5.85749
29.9802 25.2234
36.9974 20.2044
9.19434 -30.1823
33.67 25.0483
24.7464 23.6238
12.2209 -39.341
46.5678 21.0811
-15.8619 -56.5596
-0.654697 -45.3214
-24.0701 -16.1467
-11.0871 67.9724
-31.9912 6.12644
-36.4078 0.593391
13.6243 -26.0363
-17.1167 -54.6264
-2.26182 5.94272
27.3076 25.3034
40.1921 32.7748
16.0501 -29.493
-14.388 17.1962
6.87377 -17.6441
6.01306 -55.4607
45.028 -27.2114
13.3827 45.4908
-34.8935 -22.0353
8.98262 -2.84891
0.293462 -1.01363
14.4995 10.0958
3.23094 -16.0758
49.2376 9.1527
9.04829 -26.587
-38.9386 24.6934
-39.4501 -41.8297
21.0998 -24.966
7.14692 -9.73796
-42.5792 30.8199
11.7086 26.2113
56.9616 -11.4182
1.83012 58.8723
4.29542 53.7258
-21.5423 26.493
11.306 -31.0633
61.6671 -10.3101
50.2141 -17.5201
-11.9771 -13.167
-28.7964 -27.2138
3.94561 -31.7533
-38.3472 -20.2319
-13.0476 -56.6458
-12.5942 13.9998
30.0473 -21.5577
-13.3723 9.76146
-0.939695 0.241039
0.909742 20.4915
-44.935 5.60925
-20.1811 0.692472
-20.8882 -35.7706
-4.21914 -1.33293
3.98709 3.28833
7.18478 -9.28501
-21.6115 -17.5747
10.1673 -1.37617
-13.3481 -6.18909
19.6099 22.0826
-6.10688 32.2594
-13.4972 -31.868
-20.0426 -2.81291
-20.0824 17.2724
5.48464 -39.6658
-1.14711 -12.109
3.58683 0.681174
11.0408 3.95741
10.0396 47.0578
5.71241 -7.9876
14.8449 -31.6789
-25.2717 -4.61866
-18.3152 15.4613
14.8651 -2.99567
-9.36279 -4.53964
-22.9424 -2.73135
2.03576 -23.6862
-39.5108 -44.0078
-35.2725 7.10596
-39.266 -20.834
-67.4896 14.0625
-27.0958 -8.56946
13.8728 -34.0887
9.72135 4.85104
34.6738 -28.2416
7.01075 -22.0711
25.968 -11.3685
28.1458 -13.8206
-2.82177 -2.00319
50.3147 81.5378
-21.3547 -27.6916
15.9009 16.3135
-41.5407 24.5048
-18.959 -2.50657
31.4637 11.5688
-21.0617 13.7617
-16.7464 3.24195
-14.3297 -16.2609
26.3304 -4.09071
-16.5776 9.04559
2.23169 30.3997
12.2308 41.4553
26.3543 14.0853
-17.241 -38.5609
-51.666 -21.8524
-17.996 39.2137
36.039 -3.43089
-25.0512 -3.00464
8.17302 53.3188
19.4948 -29.0334
39.9957 12.583
-35.8566 27.467
12.5509 -26.3761
-3.78254 -4.47251
-14.5614 -19.3927
-10.2541 -11.8483
-1.73616 5.58593
-29.0698 5.89071
44.9457 -31.2219
-55.047 -16.7004
-80.3853 -5.96002
-44.7514 12.1587
11.5767 -19.7033
-0.211081 5.56177
1.98466 -4.63553
2.72331 12.7826
8.48845 28.9267
-26.3255 14.0406
-27.912 -0.864704
-24.3611 44.9808
-0.275544 -32.7699
10.6122 -28.5625
1.80577 41.0546
16.5205 -13.8818
0.0751448 -22.9135
-11.5651 28.6438
47.8035 7.0508
19.1681 -6.22741
15.829 -17.208
37.4265 -58.3572
-32.9664 11.6165
-51.6646 -18.5078
-46.3729 -23.6102
-29.2106 11.9245
-10.2279 12.8462
-60.7547 0.162276
26.6079 -30.6177
12.4921 17.1612
-37.8619 -8.48115
-13.7515 25.5991
-44.8474 3.23903
-21.0671 -0.689064
28.1771 2.14338
12.0874 37.0009
0.458754 43.0962
15.0282 -17.71
-28.2079 -39.6929
27.6518 -20.6062
8.0223 2.68166
-21.0318 -33.1207
35.1999 -43.2098
-11.7976 12.5933
29.6353 9.66398
22.6119 9.48729
38.4663 -15.4331
16.629 -30.764
-14.2606 9.17076
1.29418 -32.0585
-32.4883 -18.8918
72.8584 15.1739
-40.4722 21.0359
-31.2756 -17.0116
-14.334 -45.8708
35.469 -23.564
10.67 -12.33
17.0167 -0.225843
-30.7234 22.9277
-8.31794 13.4916
-58.5431 26.2953
-37.5127 -0.160306
28.5117 3.47873
16.0411 2.6108
9.15587 -49.9071
-0.428603 24.1496
44.6614 -13.039
-17.4638 16.112
-26.5368 -5.74471
37.3437 62.8992
17.5649 10.356
-30.3182 0.997393
7.09173 -20.1972
5.40375 -23.9818
-28.5878 64.1143
29.0263 27.2829
-33.3889 -7.7024
-32.0679 5.98012
-30.72 5.79955
5.50121 26.771
26.7665 -30.0309
-21.5382 -32.6437
-13.4242 33.8629
-9.65652 39.0423
17.9088 30.8368
40.2784 10.7723
-51.3295 -23.8558
5.95996 47.0598
-39.7968 19.331
-27.1491 -3.29309
-2.70119 -11.174
29.6771 -42.5149
5.19467 1.46607
-31.3852 26.8071
-12.0711 -31.1311
19.249 45.2474
-9.5907 6.94264
23.5863 -40.9777
-19.1199 -20.5035
3.94587 -8.56632
57.9702 -7.21657
10.3399 -52.257
2.41362 -16.8789
64.7589 32.3687
-13.1114 -20.777
-7.05293 -17.5333
3.61939 -43.7698
-17.1855 18.251
0.547527 40.3973
-33.96 59.7635
29.2173 5.44228
-13.0796 10.4051
-8.2849 34.4087
-5.28743 9.18986
2.37616 11.3785
-37.2653 -50.2806
32.2063 31.1556
-33.6861 19.9487
-34.4778 -3.84446
8.83009 -15.1379
11.2504 -5.23156
-36.5637 54.8725
-41.3949 56.3645
-4.25747 -44.6964
-13.3958 30.724
19.5309 -45.4007
2.33943 -7.31756
22.8023 -15.6481
12.8753 12.8077
10.0648 -19.3308
-17.2827 6.13943
-1.48147 -24.9262
10.0006 -25.2893
49.6955 11.5463
-28.5487 -18.108
-6.7756 12.8201
17.8565 -15.2856
-21.0798 -11.7316
16.4997 13.7115
-9.48268 -2.2407
-28.9279 -33.9368
5.69129 26.2227
1.84032 -4.16019
19.4842 8.79323
-30.1006 8.32285
-49.0822 18.3782
12.9993 -56.866
-40.3514 -7.24892
41.009 -15.4078
-37.1348 8.24286
20.5671 -16.7192
-32.093 -7.01764
-14.6918 58.4356
-2.70987 -1.62289
41.7388 -12.6518
-42.309 23.4222
-19.025 -34.6284
-43.5901 19.0817
10.7701 -14.4265
27.5396 34.4473
4.12801 12.5139
13.1602 -23.2936
-33.2533 -26.8282
-37.9397 -3.79584
-3.71606 23.9369
-39.6348 -2.66551
-11.0751 -20.6359
16.5212 11.4696
-45.0469 -19.6706
11.6583 -53.3368
10.0698 -54.8655
31.4123 -36.4035
-23.5844 -52.2722
-6.01875 24.8413
-12.0674 -25.6652
-6.3951 0.488089
27.6809 -4.91673
-15.6456 7.98199
-35.7256 32.442
70.6502 -36.0347
11.5196 63.8677
31.5286 27.0089
-24.882 -1.1849
5.70037 12.7304
-0.178032 -9.60981
-17.9488 15.8112
24.0839 -43.9554
18.7289 -0.888562
-7.49946 -50.0521
-20.5364 11.8655
-1.4396 -15.6026
2.27535 -12.8986
12.5094 13.6418
-3.79688 -10.3173
-17.1956 20.5999
-34.1819 -34.1931
18.5288 26.3327
17.6207 4.47084
10.252 -54.2094
24.1166 -13.8456
-22.8555 -12.0364
-10.7669 42.865
-7.70591 -14.2916
61.0967 -0.16478
-29.5343 -16.6748
-4.03225 65.1308
5.27089 -14.7121
6.16651 7.38259
-33.0864 -23.2814
5.56715 5.73827
-29.2901 19.3422
-29.3276 -51.3307
-4.31711 31.0967
-44.1247 34.8263
2.74706 -22.7216
1.27678 -18.6595
15.5742 -10.9341
-12.4984 4.95853
-10.1884 8.46548
-43.3228 -24.6134
-16.6747 -0.569953
-22.8705 0.333039
-15.5479 -17.3973
18.9157 -27.6659
-2.36603 3.15425
-24.791 33.2273
-1.94819 -21.1461
31.4081 -27.1966
10.9401 -30.2138
-19.856 -42.1951
-13.1287 3.05084
-20.7534 -22.6793
-48.7951 -10.0406
-17.8849 -20.1871
-47.854 -13.872
-26.3004 -0.639572
19.1937 -39.7957
-5.26401 -4.88311
-10.389 -12.5111
40.4841 -26.6797
-43.792 -23.0244
-17.4949 -43.3809
30.7544 -6.93491
41.0462 41.6412
15.8762 42.3611
0.454074 30.6552
-15.5632 13.9642
11.2566 -19.3855
12.3468 -10.9109
-41.1962 17.4644
12.2414 25.3059
-10.199 29.4692
-15.911 -21.4861
-33.6716 4.77241
5.88294 31.0852
-4.09602 -58.4841
-12.6824 -24.6638
42.785 -48.377
-28.3431 11.242
22.5282 2.20964
1.71288 48.7234
-23.3624 -17.4466
20.2604 -7.90809
34.1787 20.0836
-18.0891 -23.1864
18.0999 -15.0515
8.69743 15.3894
22.4796 76.5036
10.77 -5.51243
1.24462 -2.76277
10.9642 -34.8162
14.4852 -45.1927
20.6152 -25.185
25.7214 -40.6735
19.8589 -33.6859
-70.0325 16.1584
-58.7001 -22.5799
10.8102 -37.4175
-60.2062 16.7975
-1.77668 15.7366
8.24836 -34.7343
-8.9015 -39.124
39.0371 15.8807
-16.5817 -11.8458
40.1288 -46.658
-3.3824 6.94875
12.3365 1.49235
-16.0333 -37.7127
29.1287 19.3597
2.40894 -44.6155
-1.75485 24.6279
-16.3584 -26.4303
-12.3949 37.7319
11.4323 -17.8222
21.4944 -7.91338
-22.2859 -13.6881
-14.4386 -44.5553
-8.65288 32.6485
41.4917 6.18525
13.2749 6.69181
3.22705 1.32591
-5.05581 -59.6743
33.3042 -52.354
-9.17793 12.8268
14.7757 -22.1431
-28.8615 9.16095
0.0623608 -5.74082
-37.0551 -35.8801
0.194136 22.2991
8.46816 -20.8763
22.6802 17.4599
14.485 11.5116
-17.0102 16.9883
15.1561 -29.5711
-11.7822 -32.4655
-27.9456 -3.06038
-5.62766 24.294
-16.8305 7.82697
30.4359 2.82756
-57.7775 3.9015
29.3332 46.2921
-0.0703793 5.63238
31.1642 -4.75077
-18.6604 -23.2623
32.5715 1.99621
24.8409 -11.9798
-21.9581 22.471
-38.5455 -10.2237
46.8809 -40.3521
-4.5311 -29.1387
1.18351 10.6163
-46.3438 0.321676
4.79359 -12.3431
0.863787 -32.4862
3.50403 10.7221
-18.7838 9.18672
-73.4327 -1.10303
4.83568 2.09248
16.9622 23.2497
-17.8339 -11.9923
-20.5982 -2.5851
6.51392 -2.38059
39.5767 19.6329
0.562327 -20.6893
-45.0281 -6.30793
-41.3684 21.887
-5.68793 -38.0873
30.5173 -8.72091
-3.25007 23.069
-29.0996 68.3488
-42.6423 -42.5653
-35.6888 -44.7149
-4.19458 -5.09882
39.926 -16.3946
2.49165 53.8459
9.3787 6.44996
27.9437 -30.2245
-3.77627 -32.0305
-1.94504 -20.6196
-28.3258 -19.8989
-10.8242 -13.965
51.5607 -18.3365
6.35042 13.2971
7.61824 17.6087
-36.9493 27.914
0.225664 -5.03561
-28.5438 -17.7992
-18.9723 -1.46614
28.5747 3.75634
-52.8644 10.3011
11.5382 -10.2954
-32.3501 -0.0795078
27.0597 3.68257
-4.80251 45.6966
29.8442 12.2246
-27.3493 -15.9495
-18.2202 -24.0511
-1.34399 6.13499
16.3755 35.6759
22.7568 16.4611
-9.89785 -15.002
9.24734 16.7134
-24.8285 24.5528
-37.9939 -39.6377
-31.6595 -0.165525
-9.93818 15.5408
-24.5812 29.8268
-50.9295 25.0064
-17.031 17.6653
-11.1306 -5.51549
14.6247 -14.5486
5.18794 27.6452
-4.84923 -20.3948
15.6421 -13.3877
-23.7182 6.24129
-9.56588 4.61724
16.5597 37.3441
-13.9361 -13.2703
4.44186 -67.329
-13.6774 6.1781
-3.27687 -25.4034
-13.1035 -54.5957
24.4444 33.6139
0.198364 -26.4267
6.48811 -9.47544
7.99545 -43.6323
-10.4437 -45.4368
10.6961 -9.67599
-45.8809 -18.938
-5.05097 -5.02939
29.1936 40.3763
8.80154 -24.727
17.8181 31.6504
-40.0631 43.2157
-5.49859 -20.6833
46.653 11.7513
-14.5044 -35.0795
-40.0365 -51.0789
-29.5774 33.5864
-22.8149 18.3492
12.7071 -10.9085
-14.0647 -14.2415
-4.50448 -26.9521
-26.6663 -64.8268
28.9689 24.4189
-4.38316 -14.7266
8.39061 -14.7708
-38.002 39.6601
-38.9532 8.12057
-30.6407 27.1041
23.998 7.49413
8.99032 16.364
-25.3117 1.54621
10.4942 21.6675
7.17947 65.4704
-8.57598 15.5827
-1.18629 -11.9042
-10.1327 11.2008
-54.9296 24.9201
5.40009 -10.5941
32.0129 -34.5952
-5.49024 -29.6462
-2.33902 31.3619
5.92492 9.04926
29.9322 6.23122
-19.0929 35.7395
16.4932 36.9292
-20.7807 9.67273
-1.40843 -54.5772
23.7619 12.0709
-5.29819 15.8597
-9.85073 15.8804
-34.6136 19.5793
42.2486 -51.042
23.8292 -44.8806
-23.4178 -56.7875
31.1347 2.1529
-10.8645 -10.1891
25.9646 -25.5861
16.5639 6.29558
-12.5791 -49.9483
22.0787 17.123
-12.312 11.414
-52.5091 22.6438
42.6908 -29.1491
-19.5787 10.4729
45.2055 -0.322228
-6.07277 43.4027
-14.4289 -29.4446
8.47059 -14.2684
18.1178 -30.3143
-21.6387 61.3409
57.3153 -13.6222
29.1919 11.5123
-34.0497 24.5387
-51.9502 -4.27486
-8.9592 39.9571
22.3985 -17.8077
-9.20695 -37.5181
3.09803 -7.65826
32.0198 -6.92716
-13.8488 23.0418
17.9671 2.9439
0.19015 46.0585
-14.633 53.1925
-36.6006 41.9525
12.4488 52.2264
-30.6935 33.7104
18.5171 -7.35774
-14.974 -2.41814
4.80239 45.8053
-24.8492 2.42143
-82.2854 40.2425
10.9267 -1.00632
11.5802 -6.98456
-18.8143 13.8132
-14.1191 -28.2831
-7.90993 55.3898
5.515 -38.6986
45.5844 -0.941925
53.0045 -20.4656
35.0636 -18.1619
-41.3975 16.1388
2.69464 -6.74961
-16.1527 -5.30606
-23.6702 13.105
-12.0268 15.4996
-2.78561 -3.60363
16.9912 54.085
-0.70466 18.0664
0.850585 -1.32152
7.69718 -43.1049
15.1308 48.994
11.5543 -22.1242
-4.3534 17.1086
16.6659 9.77011
-34.1513 18.3033
36.6426 19.9712
1.92441 -8.35959
-17.5987 28.4088
-20.5311 48.7812
35.4754 62.8645
21.3494 -2.38046
-46.0769 -1.26472
5.357 -10.2707
-14.0676 -10.5569
17.9361 23.001
-40.781 5.49921
-43.3812 9.87842
-49.2526 -13.5608
13.6077 14.5985
9.49768 23.4264
42.05 -5.69852
8.46664 52.2409
-14.6215 3.57482
18.8383 16.6793
28.7171 36.8664
47.6269 -18.8862
-0.157342 -42.7209
-51.7124 -3.72852
-31.532 -5.03695
1.5318 -11.0155
-17.5703 23.7333
-20.0135 15.5578
-0.416121 -62.8
14.6082 30.3993
16.7907 -22.4223
35.9606 -25.0793
1.49411 20.7844
30.3448 6.72233
-1.58134 12.8089
9.62318 35.8688
12.7489 4.9954
-6.71239 31.6809
50.6218 -29.8405
30.0487 4.94665
-26.587 -13.0243
0.846613 19.9391
10.8504 2.35547
-5.73846 10.1373
-13.8058 -54.5798
31.6078 -7.7587
-1.99248 20.0756
53.1112 -9.38839
18.1436 30.4065
59.0068 -2.12375
15.0941 40.8532
-19.4369 -15.4845
32.6175 9.82629
16.7305 27.6534
34.6002 -23.727
-24.7983 -48.5377
45.6756 -25.5649
-17.2688 -24.3914
0.409097 10.1098
2.2969 49.8632
-43.3623 16.6189
-2.20767 34.5527
18.6611 -7.21322
2.09019 36.5706
-21.682 -18.7514
24.6735 -33.3668
15.7067 -69.188
-35.8033 -26.9109
3.82644 -39.3788
-13.9612 12.8697
37.3354 11.3564
18.1995 22.1674
-12.8928 -2.32226
3.79366 -19.3904
4.98315 -18.6551
-18.1264 -15.3458
-14.5319 -1.52447
-25.8376 32.053
-33.3105 -30.5945
47.712 -66.0876
51.9991 -26.4353
-25.2265 8.27338
-24.7815 12.0734
-16.1855 -20.6706
-8.35499 -8.69264
-1.73208 -33.7098
76.7851 -18.26
-13.7259 20.3053
-30.0961 15.9707
28.2468 0.290245
-25.4042 17.8264
11.301 -31.2556
-8.55207 45.9568
34.9685 37.612
-55.6707 31.3789
25.6629 3.71596
-9.46061 -47.0932
-6.67681 -11.8004
-10.7099 15.2598
3.42894 48.9929
31.9813 25.3391
5.42136 58.7807
-8.30301 1.07586
-15.0351 -16.5249
-59.1457 0.185321
-23.8329 17.7233
-15.6602 -13.5888
-37.0574 25.7068
54.9193 19.8222
-2.2026 9.36518
21.8718 29.9658
9.64915 4.23385
-24.4078 -18.6079
-30.6687 5.28516
-18.2025 -27.5735
27.5292 -25.6157
67.7434 -1.23322
-43.8615 -32.1849
-17.3969 -2.37135
-3.5541 -39.9952
-41.0305 -10.8891
-23.7034 -9.67379
-2.48663 11.4517
-37.4337 2.50744
12.845 -19.163
17.2826 -36.166
-1.48401 1.778
27.8352 -17.0039
3.0042 13.6643
-9.28986 -47.3642
-8.03547 17.7272
5.79399 0.735613
-16.1811 -38.9944
-13.2783 -20.2583
18.502 -21.0357
-38.8641 -23.2691
11.9955 8.61316
-33.9367 -18.1785
-10.5857 38.3126
50.017 -64.6563
-21.0158 9.13142
4.97573 7.5636
-8.17192 -17.2082
50.8724 28.1949
-11.5353 0.843399
5.07479 51.0339
14.8627 40.1969
-12.5464 -41.0805
-46.4228 2.6951
11.2822 26.3487
12.9391 -31.5432
-17.7363 18.2949
-22.3621 -14.6796
7.70614 6.97133
6.35927 12.4346
24.8441 -23.6103
-10.0897 33.3734
2.27164 -16.4747
2.70484 1.61188
-45.1617 -0.110463
-4.96597 -43.3257
14.9022 6.7434
2.31363 -26.5831
6.30302 -20.4038
22.7675 -26.7051
30.1429 -25.9608
22.4759 -39.5944
-32.0206 1.89424
-23.7998 -11.7424
39.1497 35.8404
-4.85211 -41.1707
-41.2913 9.01548
-22.78 -17.1411
-13.4049 6.3077
12.1334 -8.1298
-7.38706 3.73272
-7.75677 -21.3122
27.2328 10.5867
-21.9636 -3.23487
35.2543 -8.6292
-3.03223 -34.4922
5.51318 26.4833
-17.4201 9.82368
9.47229 -1.83945
31.6938 23.282
11.0789 -43.5152
-23.3752 8.06295
-26.7811 9.54368
-2.28381 1.83353
19.9843 -9.3508
-20.643 8.43543
7.74466 -6.04288
-21.7912 -11.2839
27.4069 -38.1635
7.49703 10.0479
16.1503 49.2003
23.1573 25.5531
31.3799 -30.458
11.8278 -20.4597
24.8549 -0.202379
2.57954 15.9345
-0.57287 -84.5832
34.6545 4.26479
-46.9877 -1.90676
-35.518 -14.9469
2.12585 21.5351
-46.3666 -15.0735
-87.2136 -0.763708
24.5806 37.3573
-19.2732 33.1227
-9.37194 24.8401
-4.36893 44.3441
61.6375 -11.477
0.48069 14.4516
-19.959 35.2757
3.61404 12.7449
15.2727 -1.43806
-16.6377 31.8037
44.4017 -4.77606
-24.5807 -13.7856
2.403 -16.6635
29.5177 6.9987
6.15682 37.9127
3.31565 -19.4426
38.1131 6.79779
19.058 -41.2294
9.9995 -1.17171
-16.5643 5.86684
1.69509 20.2449
34.087 15.1036
21.4988 -42.5463
-12.982 -33.0744
-9.81704 21.9235
26.1221 -46.3648
7.42104 18.1872
-18.3328 13.7518
-11.1721 -4.33103
-5.30466 57.6199
33.6868 15.5199
-75.2208 16.0556
7.74702 -28.3861
29.513 -21.5265
-27.3864 -28.3988
6.90455 44.9646
18.1604 9.81134
1.60823 2.43404
-2.01811 26.8919
15.3889 -37.1379
55.4867 18.4554
7.7571 1.077
46.1451 -0.639246
11.9695 32.0935
-17.9667 28.6053
-53.4153 -1.40392
8.64618 -24.3515
-20.4028 44.1561
38.7929 23.0928
-12.5937 -74.4449
22.0107 -39.4865
-13.703 2.31879
-1.8575 -2.38331
6.89551 5.01558
11.1267 29.4785
-23.2172 -29.9889
18.2876 -8.37842
26.9277 -8.8285
-14.6682 -9.45798
-11.9051 6.70487
18.254 -3.91545
2.62207 -33.7657
-24.7456 31.1137
10.0627 21.1009
9.6555 -19.3642
-82.1886 10.3011
26.3387 34.611
-22.5663 -12.6638
25.6056 -8.4314
65.0003 1.44802
2.60818 -20.9733
-1.6239 -10.7902
0.212573 24.0636
-24.8516 20.8728
6.20097 6.04727
-6.30677 -28.3584
-13.0587 -29.8299
-24.4573 19.3735
-14.4193 -52.5132
-9.71461 -28.4221
-16.5827 38.1391
-33.3338 -2.83601
2.74118 51.7581
-22.5593 2.7278
32.9547 -35.2245
10.8512 8.23923
-35.8487 -19.5851
1.08891 -16.2557
14.281 -55.5989
4.40526 -21.3969
38.2576 13.9887
8.07974 -35.0101
-21.1631 0.550676
-7.15966 7.37111
-44.6913 27.1865
-24.6996 -6.48965
37.3797 5.93668
-2.66896 2.58384
24.6281 -37.0218
-42.4511 25.1249
-35.7423 17.5202
-61.0109 48.4239
4.70592 -8.6576
8.05113 16.5972
12.9898 -6.29373
38.8252 28.9782
-20.3006 37.0867
25.2011 -14.5215
61.9884 32.9089
22.6211 -14.5813
-33.0929 36.534
-37.4691 -47.704
1.33316 20.6422
-18.8659 -12.5238
14.8945 6.65814
-10.9305 -12.2045
9.10335 -18.7138
-23.1139 32.5853
-21.5406 48.9851
-52.0088 11.3053
38.2342 -31.2201
-17.0384 -25.4789
12.7986 -5.15091
-16.2814 2.2114
16.5908 16.7561
48.1245 -7.96107
55.0129 22.5767
-15.6034 -24.8852
-70.6411 59.9585
-4.91 1.54668
-15.5184 15.8815
15.3407 15.4059
-50.5447 7.48182
28.8771 -64.5982
-7.00072 -51.5455
-4.86245 -12.1784
-21.9688 27.5719
-16.6357 25.7551
-40.8592 37.4662
19.9614 -5.25706
27.3635 8.64641
-34.9232 6.18315
-15.3708 18.3706
-45.8678 6.60799
14.9967 9.35984
17.69 36.9782
28.3512 14.6503
13.8889 12.8743
2.71808 2.3209
10.2102 -36.2445
-22.1376 42.262
-27.3792 4.90959
41.6252 23.721
-11.0191 46.9198
-45.4411 35.9891
-21.3593 -12.5523
-7.78393 -3.70739
23.6095 -24.6063
27.1885 -28.0128
28.8651 -65.5566
30.1405 3.25968
-13.3592 -4.20476
0.279343 -15.0995
-20.7329 -1.65882
8.98802 -4.69368
20.2388 3.52124
33.3584 -1.85873
-4.44901 5.57332
-35.0396 -1.91589
-22.5953 -4.07258
-20.8199 10.5266
54.863 2.48092
3.0511 12.1519
-30.69 -3.80127
0.915576 5.15168
32.8493 15.5559
-14.0533 -30.0534
-3.30721 25.0942
-5.9509 -23.3702
15.076 -11.6213
26.2361 -7.02612
38.9413 48.008
-2.90918 3.46974
38.0241 -7.24358
-31.4457 10.3815
-16.6391 -21.3395
-31.835 14.6223
-6.97535 -21.0354
24.667 9.6468
-22.7794 7.00152
-32.206 -7.04755
-19.4722 38.4834
-15.1524 20.9832
-26.7518 15.8618
-32.111 -46.8828
-5.36786 -46.4455
11.0572 -14.532
-44.1508 -17.7401
13.962 -4.3522
-0.536613 0.874778
3.05886 20.8534
-16.3746 -16.4452
-1.87945 -11.6578
23.0423 2.22446
-49.5791 21.8926
-26.6759 19.7682
-16.9792 48.5027
-10.6906 -5.62547
5.82559 9.08941
10.0454 24.7581
-14.282 63.8678
-46.462 -23.5216
-23.0634 -42.8984
-49.8728 -2.1797
-8.96793 4.49915
9.32934 -8.60375
-78.628 -25.5503
-17.3991 3.96747
-16.7481 22.5284
35.9679 -30.5126
-17.5677 -15.9246
-18.4659 -32.234
26.6784 6.58283
7.06328 8.17256
33.7811 32.3478
20.142 -65.1271
-17.5661 37.3396
-17.2547 28.0321
-16.3311 35.1703
-21.8334 -22.2428
26.4366 -8.30267
-19.0573 35.0567
-37.5937 -3.51618
38.3022 21.6849
-56.5908 -22.6391
-22.6924 4.78302
34.4523 0.741093
-3.36074 -42.5732
-1.60098 25.0561
-49.9641 6.85178
24.0515 14.2692
80.3588 -29.0681
-2.19105 -19.0248
-34.8697 -14.5084
11.3372 -2.65358
30.1046 -20.9414
2.59208 -19.3545
7.16879 -3.42751
35.4699 -17.0706
-8.89008 63.3824
2.64438 -15.317
-6.46416 14.9728
-8.56047 22.2919
26.8622 -36.8637
-9.29647 -23.8373
-21.817 5.67824
-10.3525 -26.0741
6.34293 4.14184
-15.1037 5.39111
14.1262 14.2637
-52.1646 0.944657
20.1196 46.6187
-7.07231 -33.484
27.3876 11.1131
25.7827 -34.3946
-17.7051 0.293478
15.7093 -36.3579
35.4714 0.702489
-18.8387 -6.40527
16.9059 61.7595
0.129287 12.6371
14.9326 -17.1096
-21.288 -24.0102
12.6023 1.40131
24.0496 38.3802
-9.9027 -31.323
-25.1894 -13.3698
0.0125027 13.4577
29.5469 -43.1007
-26.972 -10.3683
23.6969 -11.4066
-0.657925 28.2401
-11.0097 13.9857
-41.5186 4.93706
-8.2947 0.691052
-15.0267 4.5433
-16.3402 -60.6979
-32.2512 50.6784
-8.23233 -16.4886
10.0201 -54.1912
-24.5541 4.69727
-34.8455 3.3921
35.3442 -42.1189
-36.3071 6.46689
0.25396 -31.4382
4.99606 22.3767
-29.2227 -6.2725
32.7681 -1.5057
5.25909 31.09
-9.56938 17.5919
-24.8611 -31.1247
-55.6371 -19.4611
-11.6396 15.0229
-17.5189 8.03001
12.6963 -2.5879
21.4644 16.7665
-30.0081 25.9548
4.61178 12.7187
2.25024 -49.4349
58.1398 17.5015
34.7882 41.9207
14.1657 -59.4425
18.8461 -3.37189
32.195 3.51079
-39.049 29.5386
-37.6835 5.11818
-13.4795 20.2652
-33.3114 -33.9889
-20.9713 5.13041
24.8334 22.6524
3.85408 1.54455
20.923 16.7255
11.7767 19.27
-14.6379 -40.0168
3.89761 -9.15104
-2.02511 -2.5167
-16.81 -20.9039
-3.67238 -4.25735
38.4859 45.8381
20.1788 -2.16398
-32.1477 7.74235
33.3438 1.93631
24.2062 27.863
-51.3118 8.55674
9.06327 -13.2247
24.3399 -68.3652
12.5288 3.19831
20.1181 -8.54737
5.21906 6.9646
-25.2589 10.6999
33.6 2.63593
15.3954 35.0114
15.6833 -33.162
12.5915 28.4143
-7.88031 13.5747
7.40248 13.583
-7.86316 31.4075
20.5811 25.0346
30.8078 -0.956498
18.429 9.6672
-45.8494 3.21054
42.2688 -26.8593
-54.1584 45.4691
12.9574 18.9999
20.0715 -11.072
-15.3232 24.2248
-34.3119 3.11452
-10.8634 -12.2247
-7.75629 8.57553
-17.769 -14.0484
-4.87483 1.30842
-9.83009 14.8198
18.3657 40.3537
12.5847 -11.5626
-6.70276 -8.35221
2.914 33.9394
14.7772 8.64975
-28.5224 23.7855
-0.849085 -20.9997
5.80493 -4.17108
24.2451 -31.6938
-0.922288 -12.4203
11.9735 16.7169
-17.3842 18.5629
-17.9039 -8.12802
13.0852 19.5489
51.0723 13.9471
20.8416 -14.6916
13.3601 -36.0411
-6.08118 -6.73143
6.16183 2.96761
26.7853 5.29758
-12.9156 -14.6347
-18.0291 -33.7348
-22.1429 -35.081
-13.4106 -58.1591
21.436 -24.9872
21.3223 18.4762
18.0729 -30.276
-16.2865 20.7941
-5.29672 -26.8261
-27.3111 10.0208
-41.5493 -1.20682
34.3754 -9.62879
-21.8307 29.1006
3.03991 -13.3855
-33.2627 12.8852
43.2954 53.9609
29.0293 23.1837
4.50491 -5.50871
10.6394 15.9861
5.26725 5.84151
17.8566 8.74685
-9.4837 22.3627
-69.1457 25.433
-7.17124 29.1451
50.5709 12.0661
-46.2951 37.3755
5.20816 -10.6373
-8.59705 39.5751
-31.1816 -7.24189
-42.6586 -3.5414
5.69658 -13.7809
-10.3966 3.40593
14.2554 -10.1435
38.5328 8.74452
-1.66848 -23.4882
-14.488 -19.3284
-35.5517 -2.53523
29.6893 9.91239
-31.3868 -7.06072
-21.6034 7.56608
-46.756 9.61226
37.6297 17.1255
-51.9604 13.9677
29.1286 32.0152
-16.9729 -10.6766
1.12634 -39.1537
28.3276 -2.96113
-32.7739 14.0997
-13.0668 15.1986
-49.5247 21.3606
-32.9307 -15.8141
5.4291 15.3949
88.4532 -16.4379
11.4456 -12.4081
-2.41711 3.76467
15.1296 -28.3211
4.06102 3.15847
-5.2113 0.402479
27.9941 9.98521
12.514 -31.3524
22.0527 24.6939
5.68933 6.65413
-6.61214 41.6824
30.8122 -29.7323
33.1856 46.5358
-8.56509 35.0675
38.3854 -22.715
-16.787 54.0691
-18.4626 -38.7966
8.36736 -22.8186
33.174 -20.556
21.5462 23.3219
6.64836 -4.18363
5.79371 -10.9366
48.6516 1.61141
-3.55895 -34.4655
7.62512 5.35243
20.5941 -0.923416
-29.7539 17.0638
14.8343 -1.33745
-50.2241 7.67454
-22.5508 -8.84607
14.2023 19.8298
-32.8836 -5.65327
-0.653118 -5.89673
-48.3528 -11.2944
19.8873 -10.1131
-2.7607 7.85797
-41.5118 -38.2718
35.2106 -25.1217
-11.3529 1.64864
-17.9756 35.6936
13.9717 42.5213
11.319 3.16235
-9.61929 -9.04019
14.1383 -9.59012
-22.5729 10.5749
27.3299 -33.765
-8.34907 -21.2824
-0.179401 -48.8094
-20.0383 18.3733
-6.01015 -2.13811
-5.20556 -1.57532
36.397 -52.1223
1.06347 22.4135
10.4261 -53.1945
-19.1995 21.9235
5.23914 -3.53167
-1.21502 43.2562
-22.0217 -18.1256
-1.62211 -8.18342
14.793 5.3079
-43.6954 -14.6827
-22.6899 -24.0948
-20.0364 -2.70423
-18.6289 -38.0559
-17.4938 -1.52709
-3.16854 -31.9393
7.36091 -20.874
-39.8234 -45.7372
-25.7995 -18.4989
20.6763 -6.32686
-41.6116 -6.16286
21.9584 -10.9229
32.1873 -27.1954
32.3375 -57.8316
-27.8506 32.1332
-31.1518 19.5549
15.2186 6.00804
-25.643 -4.07127
9.86705 -23.0641
-15.574 19.8623
10.3031 16.7264
23.9929 17.4269
22.46 -29.4684
-32.0531 5.96291
35.4891 4.0433
32.9393 18.2355
26.3208 11.14
-43.7303 -21.4068
0.500031 5.39736
-34.1855 -22.2215
-9.46859 -33.5523
-22.7353 -15.2975
14.8222 -0.344815
-15.2199 -0.459007
-23.2038 10.6629
39.9755 -6.09487
-32.405 -59.3091
-18.7533 -0.176587
-33.9406 -31.3575
-21.1611 24.5347
27.9052 5.19174
10.0157 11.8986
7.10865 30.8977
-14.2294 -40.1617
35.9447 55.2764
34.0519 -0.985511
25.7161 -35.885
18.2052 12.4495
-36.8961 -24.9447
-32.6926 27.2246
-15.2217 14.8597
34.3022 29.7898
25.4096 18.8673
-10.7663 -45.6434
10.4651 -1.9791
-15.185 -51.5207
19.7702 49.6124
26.0989 14.9797
-16.7578 4.85775
-30.5798 -10.0447
20.5955 7.86588
-4.08859 41.3947
-2.16439 -32.5321
-3.75183 25.1064
1.25435 -37.0012
52.8311 -3.53102
9.16186 -33.4272
-7.28486 -52.3918
-5.75793 20.4539
-17.7814 -41.814
29.5021 24.1594
-13.6843 -13.0077
9.51955 24.5501
11.296 73.1444
0.183796 -14.9825
24.0927 14.7161
-42.2234 28.2935
-8.53858 -14.7557
-39.5281 46.0194
-25.3984 21.5309
-12.6523 6.62235
-28.9234 9.41563
-18.0138 -29.1981
3.91669 -35.3301
-42.528 -54.5553
27.5745 -62.6237
-52.4663 -6.32614
-5.76874 -14.9587
-44.3123 -13.6473
5.9624 -14.1411
11.8627 -14.2099
-67.4665 -24.5928
0.606276 5.90993
73.5846 -25.0937
-5.31086 -8.75257
16.024 5.84313
-28.2109 -12.1714
-0.249349 -10.4816
-9.0344 33.9332
-11.2848 -27.8446
-12.9808 -30.8423
12.9675 -8.89587
29.1963 35.8355
-5.8822 16.8085
-16.2479 -16.4421
-6.06953 -2.5676
-27.0423 5.97666
-32.7649 33.9891
31.8561 -44.7557
-11.6989 -27.3011
-37.597 5.60095
-17.3162 21.0108
60.6735 -0.606356
-10.7752 -27.4149
23.4862 0.678089
4.46283 14.4691
22.9856 50.5586
-39.4917 43.8275
28.2964 6.03359
21.7251 -20.7259
3.60635 22.2451
-47.0249 10.3447
-34.4516 10.9707
-1.43804 11.5757
36.6939 -24.3249
-24.1795 9.83142
2.61536 25.7628
29.6444 -57.9356
67.0363 17.4084
-53.9018 -20.4983
30.66 35.591
23.9834 7.62552
-2.36139 9.79026
-7.18011 -3.80494
-8.86553 3.51819
12.7484 7.20127
-27.7615 -25.5708
-18.677 -14.2262
-57.2749 -71.0006
5.6382 53.9339
18.3852 -17.1666
-5.18066 -9.14198
67.8878 -12.9741
-26.2196 27.3206
-26.4114 -21.203
9.57429 26.7218
-2.37263 -47.2476
-5.02713 -35.1083
1.15103 -31.2453
12.1868 25.3058
-4.6293 4.98589
-63.5093 5.66261
17.1911 -21.7624
12.2034 7.21252
-5.84547 42.6689
15.3537 -43.1002
-13.368 -44.6063
-44.345 23.5926
25.9541 -34.6209
0.636876 9.94144
3.96379 -4.11553
-19.7526 27.4755
-18.6047 9.85185
27.4084 -20.4142
9.52465 10.5547
-7.78792 15.3884
9.48753 37.4814
-53.0688 14.9056
6.57514 17.361
11.3979 29.0419
-55.7585 -30.3606
-21.0751 19.7774
20.839 -9.84385
21.5792 14.1152
15.6142 30.6783
2.17936 13.8533
-6.95373 15.5974
-10.7463 -59.6844
10.8081 -5.23956
-1.19768 2.97747
6.21831 -39.5296
-7.47277 15.5494
-6.05915 -6.01018
10.2106 -46.1039
-57.6779 21.1616
-6.8076 -19.55
8.28497 19.6614
7.70369 -4.67917
4.4206 -32.3453
-14.2938 -51.5663
-52.242 57.066
19.6753 11.9645
15.0879 -3.64279
-46.8099 -53.2796
-23.9495 -27.7368
16.0688 -11.0457
-17.6716 45.7784
5.12269 -9.77272
42.6091 30.5365
-21.4856 -27.6555
-1.64772 0.767733
19.7976 -9.70893
15.0208 23.6751
-26.5581 -11.2673
25.9433 -16.0262
-12.652 -22.9226
1.03218 -10.4805
-0.649575 45.1446
1.81939 -16.6476
-13.1837 13.0198
8.86778 19.0138
19.7595 -8.15854
10.4593 -7.46039
48.2088 10.2104
36.4137 -10.6223
-16.1322 2.09544
20.7005 -2.25348
2.2912 16.658
2.21123 17.7147
17.7772 -20.5015
26.4362 -65.2661
-25.8028 -14.4991
-21.1931 -6.41984
46.8423 -33.0258
2.76098 -14.889
35.7651 -20.8641
-3.37446 37.638
30.1439 2.3205
39.6264 -1.30499
14.1535 18.0313
1.88962 21.3714
-6.28733 -27.6435
21.5715 -50.3316
11.1906 -31.3406
-0.623429 34.8717
-27.6718 -33.269
-0.291975 6.4673
-26.2593 18.2921
-9.61131 0.760591
-17.8766 -2.23934
7.34654 -12.5234
8.17507 36.5362
-7.30332 -22.673
10.9915 -24.9219
-71.3614 68.6438
33.4198 -31.9753
-6.37882 1.55091
-9.49552 -6.81785
-30.0528 -3.59194
-1.42854 20.0045
66.8674 24.7919
2.80812 -15.7332
-34.4198 46.809
-8.4222 -17.8749
42.4888 14.0367
2.50495 48.12
49.822 25.1717
28.5479 -25.3617
40.5294 10.4321
37.1188 -48.2279
45.6695 -3.88526
-47.5925 56.5382
6.06328 -3.8808
34.6993 10.7275
10.1483 21.1547
47.1881 38.8801
20.2893 -17.777
-8.13978 -26.8359
-4.96798 14.9431
-56.4689 13.5597
-33.8185 -47.8425
-12.2331 -54.0087
6.48458 -9.94917
-8.48279 -18.6018
4.48798 36.2742
-1.95309 -6.7163
-25.2412 69.1177
35.4885 -15.0759
