-4.94014 8.42914
5.24253 -18.5003
5.91606 -8.41116
15.4392 -5.1325
-3.9439 9.74835
-10.7514 -17.2809
-5.54851 3.30353
-14.9347 -5.02971
-0.326941 5.29669
-8.41696 -19.8402
-0.0721545 -0.859678
-1.59647 8.4721
-8.79338 3.80615
-3.92328 4.62646
4.81043 0.668126
5.48979 -8.67993
4.04195 -10.5804
-18.0235 7.94066
-10.673 -1.98857
-9.87485 -5.17159
10.2908 1.79999
-1.62108 -17.5324
-7.23898 -11.9955
-8.72603 -12.9363
-1.7061 9.33548
-11.45 -3.21728
-4.98866 1.18224
1.06098 8.97517
-4.28855 -5.87487
-23.8468 12.584
6.20284 5.22255
-2.56785 -4.21605
-13.9685 17.7042
10.8069 -8.63195
-25.5906 3.22362
-5.49491 -5.18118
5.7339 -3.90619
-1.18131 -2.37644
-5.35877 -12.0401
20.2101 9.20047
3.21546 -0.230515
-15.3931 6.50064
-16.6364 9.9678
3.96885 -0.276067
-0.325999 -7.49507
-9.97738 5.15579
8.40651 1.18701
1.79181 -0.605446
7.02767 9.07732
-18.8008 -8.83689
7.30281 18.4841
-5.48358 -0.535781
9.49494 3.36514
-7.59512 7.83595
3.31277 1.45854
6.07796 4.63443
10.1374 2.29576
2.15178 -10.1938
-0.506801 -19.629
-8.185 -3.31055
8.59811 -5.72519
-9.561 4.90596
11.4172 -3.4901
0.107677 13.1699
1.60359 -6.07228
13.1343 -2.28345
3.8591 4.8372
-1.28971 -20.6767
12.4173 1.90437
11.0517 1.55206
11.2097 -10.08
1.12428 -5.93823
-10.2125 -10.9411
5.36 20.2697
8.3029 7.41387
2.22421 -6.00396
-16.4396 6.95243
14.3319 -7.59764
-3.61564 6.46341
-7.14003 15.8278
-4.66645 5.602
-23.3752 9.89384
6.50069 18.5798
-2.16869 17.2693
0.338829 2.78784
-3.67278 -3.45722
-3.96393 -5.01899
9.21661 12.1664
2.43895 0.84341
14.579 -18.4702
10.0919 -14.6544
8.77153 -15.5019
-3.0655 -2.23773
-3.73308 12.2462
-19.4446 3.53774
-18.5529 -5.06778
-4.47274 -3.97795
-17.9228 15.0955
0.528425 -17.1679
5.63327 -1.36538
-0.545097 -5.93299
1.89862 -7.79255
-14.9244 -2.46129
-2.87738 10.9478
4.20379 -3.19347
-12.4194 -5.94402
5.91014 -7.02741
2.41669 -5.57233
2.57277 -1.12835
-1.82225 11.4232
-0.675087 1.57496
-5.51663 -3.87533
4.53053 28.9158
3.85444 6.21389
22.436 -0.56478
8.07762 -2.17536
-1.42449 -9.16822
-12.8757 2.06767
-8.5795 0.948727
-16.0535 9.29304
-14.8054 -12.4836
-9.44592 -4.9487
-6.78394 -6.43117
4.79041 1.10242
4.49585 -19.1621
6.66826 -18.7354
7.94464 -3.49097
-1.51195 -4.51246
-3.6102 6.58599
-0.688008 -0.186206
10.3409 -7.15725
-1.36631 -11.2125
10.1667 0.0356226
-3.03747 8.99785
3.14702 10.1666
-23.1045 12.8442
6.1112 22.3409
-6.85902 4.36248
-11.1727 2.2663
1.91111 10.9433
-1.46784 18.4989
-5.95901 -15.4653
3.47921 -12.1159
8.09202 5.90357
12.1813 11.3843
-12.7478 0.82119
-4.76213 -6.56669
5.59144 13.9459
-5.28788 0.341652
8.88195 -10.6974
-17.4755 -13.3761
13.9244 4.67693
-7.33454 -17.75
-2.55671 5.0604
2.67947 1.99793
-9.91425 -0.736767
-0.699411 -18.2729
27.6814 -10.5251
-7.75124 9.10495
6.30317 -7.17256
-7.73361 6.44715
7.93063 7.77839
10.3625 1.02722
-7.44358 2.23244
0.089076 -11.2454
-5.35564 4.10126
12.1523 -5.43718
-4.18527 3.49918
-0.542246 -7.0182
6.7015 -1.87228
6.4297 -5.68163
1.15835 4.48653
-11.7499 -2.10239
11.5074 18.7326
-5.10695 2.86365
2.00583 4.33891
2.47234 -2.71903
0.0301886 5.67797
19.6479 -0.0359678
0.864749 -4.34241
2.03188 -1.34123
-4.93316 -8.82312
1.2044 18.2869
7.41928 -4.67988
2.19036 -4.27962
-9.41316 -7.23155
4.89166 21.5679
7.53395 1.19258
5.18963 -3.48781
11.4084 -14.9669
8.67053 -7.97019
-8.22853 -4.31763
-1.33256 -1.41588
-5.43688 -17.5117
1.08565 -14.2887
-1.54544 10.0721
-3.59117 -6.47401
0.313555 -15.765
7.84295 -6.70535
-9.8532 -3.31726
-9.92194 -0.650205
-6.3017 -7.45826
-13.3523 0.537712
-5.54357 2.03186
-0.98623 -7.91585
2.8473 15.5186
14.3955 -6.37234
-7.4699 6.99092
10.6694 -13.3467
-0.727451 -8.04587
0.56737 -7.1416
9.84592 -5.5988
6.60078 -8.11978
-16.0617 15.7987
-7.06328 -0.237357
-15.8686 -13.9983
1.55995 -8.29844
2.35229 -15.1584
5.61876 -2.81542
-10.7401 4.49149
-10.8391 3.67304
1.69197 1.32789
-0.757082 8.89159
4.17954 8.10046
7.22372 1.98336
-11.2158 -2.98868
4.2102 -7.0589
3.83097 6.804
-2.49927 -9.60699
15.6067 -15.3102
-2.46779 11.7348
2.06008 2.37844
8.31696 -14.7475
-3.88086 -1.87337
10.2616 -3.92389
8.67438 -10.1762
-0.438849 -0.750326
2.05296 -2.46713
-2.14193 -2.66983
2.77949 -17.5048
1.49366 16.2644
-16.5615 -8.84405
3.52073 3.00117
13.7158 -5.79342
1.80694 -9.73724
3.69884 -7.95896
7.4126 -3.36542
-2.4213 7.46236
-2.18398 3.41539
0.491603 3.54994
0.660583 -0.503621
1.5666 1.09457
-7.76088 -8.29141
-2.87907 -11.918
13.7591 16.8358
-2.64753 -3.42429
