-2.76847 -11.0937
-11.9524 5.36693
-8.06628 -26.8077
15.823 -8.09261
10.1443 1.68092
-16.0596 -15.043
0.546164 -18.2313
-11.7429 6.08904
-11.1698 9.94565
15.0234 -10.3263
8.32367 -4.58044
-13.5672 -8.32772
0.101661 35.7006
1.31047 19.8593
26.8443 -8.76117
17.8319 -12.2756
26.4566 -5.1324
-6.67083 -1.5175
-24.5051 -7.49735
6.55581 4.65321
-13.1742 -11.3042
-1.54125 -9.38894
2.31511 -0.35267
-10.0244 -18.778
21.2924 7.43983
5.9545 3.59002
4.40015 -3.29191
-17.1297 -16.9304
-16.8127 11.39
6.32342 -1.43532
-5.60761 -15.3128
-9.63343 2.81534
-15.632 6.54123
-4.18834 0.912357
9.47897 0.62184
6.25894 -12.3185
-15.3273 11.4038
-10.1376 -4.29466
-6.33574 -31.7456
-1.48889 8.55891
8.81153 0.461602
11.6839 9.57168
-12.0998 -7.55219
-10.5535 8.37629
2.19923 24.478
-7.95991 -6.15825
20.6708 2.67754
10.0386 -24.3285
2.40062 20.1093
-15.002 -12.2047
-18.2192 11.1171
12.8231 4.09065
-10.9781 -13.132
3.24513 0.577012
9.06385 4.48127
-9.49873 6.78978
15.7853 23.5172
-4.56426 -1.35346
-11.8741 -4.02617
-24.5562 -10.0385
-29.5906 2.84804
-43.8083 26.0542
-30.7823 -14.3202
0.930537 -10.9118
0.665128 -4.96702
4.39624 -1.1846
-10.3606 -11.2411
22.9187 5.38892
-8.27121 -6.86807
-0.805149 4.2123
24.9747 2.74208
-9.1629 14.0483
0.630921 12.4459
-1.11669 -8.64492
7.17678 -6.60187
31.4781 -7.84115
-5.16795 24.7684
-9.08738 -5.16244
0.389981 0.94656
8.4875 -5.39607
-8.1132 4.24372
7.07557 1.0319
11.653 -4.94922
-17.3053 -18.6246
19.1423 8.91534
14.3904 5.93491
0.0901794 25.9658
-0.31505 10.2412
3.25799 -9.53141
-5.88273 -0.0783179
-10.5227 -12.0583
-6.40764 17.9207
-25.1333 -9.69908
7.68459 29.1222
-10.3566 -0.206821
13.1635 17.5694
-1.22305 -6.19669
-40.7934 -32.2068
10.1204 -16.6841
-8.62987 8.52988
5.59595 -16.7617
5.3967 -2.62143
5.19785 -11.4157
-6.81427 6.90753
-1.17049 5.95016
-13.5159 -4.37779
-10.5256 15.6373
7.5459 6.53779
-8.83695 -5.79185
-12.9209 -29.2109
-10.206 16.3674
-8.07851 12.5071
5.74233 3.62254
13.3202 4.90983
-22.5792 -8.83171
-5.68512 17.7109
-1.68445 -17.9833
13.272 -8.76791
8.07234 -5.25121
-11.0888 -7.4835
37.1322 12.2254
20.3696 17.1312
-20.5748 -1.04691
8.35387 -14.8497
8.09906 -10.6086
-19.2853 0.519242
-21.3326 -3.89586
2.70799 -8.4941
-11.3031 -21.3338
-6.94364 -4.9513
-2.40527 13.5492
3.34846 -9.69313
-10.3452 0.904901
-0.309696 -2.704
-5.16122 4.3849
-11.5939 1.76372
7.75528 3.51711
-15.4287 -1.32872
6.51267 -19.8885
-10.0219 -15.2873
-2.15522 17.1077
-1.49943 5.23172
0.455407 5.46326
9.99045 19.7064
10.2388 -9.81734
20.0073 5.01072
0.215737 -28.3903
-4.63143 15.6995
-1.88212 -4.72831
-17.4734 -0.118416
-5.86749 0.35076
-10.8776 12.7518
0.014034 3.75513
0.286013 -25.7012
-12.4594 -4.4121
10.4323 -4.72814
0.0420322 7.99315
10.748 -10.1441
13.9203 -1.62148
2.25018 2.21374
19.8073 -7.37863
-0.0618 -5.60259
28.6643 -21.374
6.21394 18.4971
-8.08157 6.83514
0.810935 -12.1595
-11.8209 -20.0172
7.80053 2.60914
-15.3838 24.1125
-15.5806 6.74898
4.94451 -6.69335
-14.8881 -0.190573
11.9925 -7.5773
17.3946 18.6827
-12.1443 9.79054
8.29723 -6.4208
9.82546 26.5347
-2.59836 -14.7412
-12.3596 6.9638
11.3153 -1.09344
14.7469 14.9047
5.95303 14.8508
1.68517 -9.61762
20.2954 -12.5442
-11.1378 17.2828
11.1865 16.0466
23.6786 7.08162
7.89281 15.6119
17.2154 -9.5427
-13.3625 -2.60647
-2.51492 -23.1467
-22.9326 -16.1946
0.925767 24.8461
-6.25646 -5.67335
0.786191 3.89822
0.381281 1.3891
-1.14813 8.63828
-6.2923 19.0224
-8.57442 2.57343
4.20151 9.45801
0.191197 -11.1959
16.5957 6.70134
15.7149 2.6559
7.91695 1.49615
-2.22301 -13.8372
7.93703 -4.59249
8.41827 -6.17665
11.4067 12.4324
21.9211 -22.6336
2.24526 -12.2103
-11.552 0.802994
15.4196 -15.1965
-2.71188 -37.354
3.46508 -13.1471
25.2445 6.92305
14.1804 14.5309
0.594948 -14.0471
-15.0961 -10.9772
-21.8202 -9.41567
8.61904 -3.39392
12.6189 -10.342
-6.50899 -9.53003
1.05334 1.75142
7.31209 5.50547
-13.7294 17.8268
7.49507 12.2618
-11.3369 16.1806
-10.617 -0.288776
0.587734 1.09942
3.67216 -7.15991
-8.19295 -8.59569
-13.9717 18.7221
-26.195 -12.6867
18.283 5.03373
31.6759 -13.9437
-0.359798 -9.70844
-0.574409 21.0423
3.02475 -5.89008
1.29363 -6.73128
-11.395 1.89579
25.6209 4.07003
29.2267 -0.535242
-10.0686 7.15352
2.32101 -22.5393
-0.190383 6.97618
13.723 8.15719
18.1904 -21.724
13.4787 -14.8319
12.8801 4.01309
10.8959 7.74543
-7.08028 14.5569
-15.7783 20.4319
11.6523 10.0798
-1.57609 14.0043
0.462251 -13.5823
-6.50783 0.879418
6.99816 -3.27416
-2.58207 12.712
11.3314 3.16405
-9.16961 -5.92907
-7.04702 -19.0034
1.8242 7.90951
25.894 -11.938
-4.18149 -6.83378
12.9773 10.7667
-25.1222 -5.13554
11.7984 -0.853452
18.052 -14.1421
-12.6097 1.5726
-16.6071 3.84783
-3.3327 13.2784
13.3255 4.65376
-7.23697 4.4577
-33.8749 -7.83507
-9.65191 11.1002
12.8598 -12.1163
-12.0851 19.6992
-6.23453 30.3195
-1.06576 -1.17162
-18.6216 -10.293
-10.0016 -8.97003
5.44117 15.7476
-10.9365 2.17411
-5.59693 -19.9596
-4.7707 21.0987
1.67609 18.9767
-9.22921 4.50591
-8.89792 1.3242
-12.2967 -9.67815
13.9834 -9.92861
-8.64723 4.20321
-18.3216 -0.925881
-3.44044 -18.0132
-4.84675 6.63331
10.9403 7.04054
-8.49101 -1.764
18.156 -10.5933
4.16534 5.92864
-2.25411 -8.27612
16.637 -7.75164
7.38264 -1.56054
-15.2124 5.26849
5.25288 -16.1788
11.8799 -1.33906
-14.071 7.65781
8.69259 -33.1627
15.7454 13.5478
21.5664 16.2463
8.55545 -11.1842
-16.2183 6.0384
-4.7382 2.5395
-10.3274 18.2383
13.0754 -7.21362
25.1943 -4.53649
-7.58095 14.0838
15.6303 -12.9586
6.8016 3.80594
-9.32016 3.45658
-20.12 -7.55785
7.0283 0.714699
8.09887 12.9664
13.7574 2.30546
1.04793 23.2298
-13.3809 -11.8685
-8.93214 -5.08154
19.4645 3.19213
6.76624 -17.223
12.5815 5.77379
2.96803 1.44587
-7.36135 11.1244
0.623728 -9.47805
-3.05397 -8.49096
8.85313 16.0369
-8.52304 -3.53797
-0.22839 14.9537
-2.59423 -5.56339
13.4122 -24.4217
25.6947 -0.12212
14.2863 16.5793
11.6421 -12.822
-11.478 4.411
-7.2762 -5.97181
15.0065 -15.8524
15.9965 -11.3699
-23.3266 -9.38088
-0.551636 -10.779
12.8519 8.29763
-22.9337 5.61661
19.8033 19.1887
-2.09001 1.26915
11.4704 -10.768
0.784303 13.9037
3.2231 -10.2489
32.5007 -18.1992
19.2982 16.2838
9.89718 -1.80155
-11.333 -27.9596
-20.9708 -10.8101
-25.4774 -2.72629
15.3524 -9.85798
-24.9269 -1.75822
11.2174 3.09224
11.6092 -14.6302
7.02185 -3.39535
13.5985 3.32457
-15.3756 -22.0084
-2.51013 -6.19139
8.82537 -2.00985
0.290568 11.481
5.98821 -3.42452
-1.06846 -21.039
-12.6553 34.5299
6.42961 8.7582
4.68485 43.0669
5.71259 -31.2792
-21.9653 18.0392
-14.842 2.60649
16.2195 15.449
-7.22891 -6.99362
2.13293 10.6396
-6.66603 0.513387
-16.075 0.886092
-16.442 10.7377
13.5786 -18.6529
4.34678 10.833
19.2416 6.39782
-3.16816 -1.40691
-14.2297 5.50179
-30.3258 3.19069
-10.0733 -8.93982
-6.87197 7.34927
10.0403 -0.463651
5.00649 -16.7243
-7.52305 6.20253
3.08129 9.58037
-10.5938 26.2345
8.77827 4.01771
12.8396 14.9152
-4.08715 -5.93943
-11.2014 4.67448
-1.77141 -15.6333
-10.6135 9.8416
-15.3446 -33.6405
3.5217 3.60445
2.52523 -1.92051
6.3639 24.7638
-0.270708 17.4387
-6.59565 -11.1472
6.05105 19.7868
-1.61952 6.41805
7.61202 9.83315
-2.27251 -24.6522
25.4505 18.0337
10.4946 9.63648
6.89379 -13.875
0.226129 -22.4137
-14.9358 -1.23396
27.3662 -10.2407
-1.70276 2.59947
-26.4996 3.18328
-1.05927 10.7196
13.7866 -4.50602
-5.77172 20.8545
3.09512 -19.7333
-9.55181 17.5206
-0.654068 -2.60372
-5.78321 7.73161
2.44163 0.159432
5.98503 11.7994
1.28976 12.2221
12.5878 2.81459
-9.74426 7.73071
0.713165 -7.72932
-18.2818 -18.1406
-17.8643 18.1102
-0.0656977 -9.89013
13.4606 14.7787
-7.81034 -1.83625
13.981 9.62402
-3.91047 -16.8372
6.88882 16.1563
15.627 -2.17952
9.54005 -21.5439
-14.5924 22.3369
-12.4645 5.64196
14.8553 11.8682
4.29779 -13.2022
19.9712 -8.97395
-28.0235 2.65466
-11.0468 4.46301
-8.79385 7.70259
-5.90706 1.01359
3.81891 -0.809409
6.048 12.3969
-5.58118 -15.6606
10.4424 26.4517
-9.18556 3.79512
13.6575 -3.69018
-11.4019 6.89417
14.7922 -14.9042
-8.22186 -12.154
-19.7743 8.59856
-1.50542 10.8639
-7.85822 0.607547
9.26779 -0.612194
31.4281 -18.6622
-9.7933 -4.74737
3.01576 -9.46888
11.6472 -5.15066
13.7662 -22.7182
-11.5896 17.1635
-14.3741 -9.51487
3.39974 14.3006
-10.7569 5.46867
2.80224 16.2166
24.6592 -1.9019
0.950731 -15.121
22.5155 -14.2897
14.0848 -19.4513
6.89212 0.553731
1.91885 26.7162
5.5883 -9.06964
14.3495 -5.28708
-5.56022 8.32349
0.632507 -5.26293
5.7545 -4.35695
-4.03981 8.08852
-14.1704 -2.88436
5.34855 0.110927
-6.25643 11.7035
-0.263858 47.5666
15.4239 -5.15377
16.8983 5.30005
10.5528 -13.8566
-2.69995 2.97409
8.05758 0.0188684
-0.518289 -25.5865
-0.961239 14.7448
-12.7285 2.42202
12.4835 8.0727
2.22206 10.4568
-8.97512 -9.71982
-15.3488 -6.82257
11.179 -15.6113
-0.640809 5.93214
-9.7924 4.68251
-2.01464 9.60267
-16.4899 1.66868
5.28734 1.74514
-16.7367 5.52127
33.9988 -9.31413
18.3488 1.16012
