7.86898 0.941392
6.05575 1.709
1.8135 -4.51312
3.2796 -10.9813
6.76474 -6.76209
1.52665 0.309619
3.85292 -2.69359
-6.20579 -3.09943
-13.2291 -1.06965
-3.87071 -3.70282
-4.56698 6.20318
6.24113 0.387353
-7.33785 -1.05091
-3.51148 -1.9484
3.79304 6.29847
-4.52998 -9.89407
-1.53176 -3.50365
0.60431 -0.226659
-2.55116 3.8947
-11.0568 4.90278
8.06432 2.41338
-2.23382 -7.74335
3.12024 -1.07957
-1.67413 -2.64748
-1.32127 -5.32663
-5.00796 -2.80586
5.91524 0.0203419
4.7766 -5.49771
2.7716 -2.47461
0.407322 -5.19358
2.50329 14.7306
-3.89022 6.91103
-3.244 0.132858
-3.17532 0.0482944
6.16795 -3.65536
2.57823 -0.322838
2.59912 0.247517
0.114641 -15.2541
4.65128 11.9479
-6.59043 4.38664
-1.46897 -5.60805
2.92174 3.46284
-2.58302 2.35935
-1.68996 -1.62012
-6.77402 -7.23461
-4.9096 5.25656
-0.891843 7.31492
4.78418 3.62355
0.814163 -0.263466
0.466917 -4.89185
-1.6371 9.11027
3.72764 -1.76585
4.66355 -1.42114
-1.40465 1.82024
-1.87647 -4.25464
1.91916 3.21749
-9.68561 0.506606
-1.86534 8.00819
7.15182 -8.11052
-4.94048 -2.63701
0.0891037 0.631598
-2.09336 -1.53283
8.29385 -9.50101
-1.80241 -3.23962
