0.851416 1.99095
2.53584 4.99585
1.51692 -0.0126245
0.0648661 4.58206
5.63896 0.873568
6.45861 -3.09355
1.52433 -4.94933
3.14114 2.68959
1.45225 1.3109
3.27606 1.93233
0.0265172 0.940428
-4.02626 -2.62952
-1.90219 1.56797
8.60886 -3.72142
0.698266 -4.35257
-0.510451 2.90962
-0.757624 0.835676
-4.44302 4.38312
-0.0584639 4.19671
-1.68324 3.32415
-3.82773 4.51502
-4.78105 -2.44718
-0.0574262 3.00787
1.65424 0.203393
-0.816454 -4.81893
2.86485 0.0789857
-3.18118 2.75604
-6.22966 -3.58988
0.803622 0.919895
2.13492 2.0176
3.67402 5.03059
-1.91964 -3.23408
