-35.2313 5.48392
42.5103 -15.0808
-24.3947 10.5353
46.9083 25.6211
-23.2331 -38.9511
26.3585 -47.3369
38.7555 14.3536
-39.7989 31.18
-94.5932 83.6815
37.801 -35.8882
49.1906 0.251709
0.639263 -49.5875
-30.9847 -54.9355
-71.7384 -1.89958
-12.2285 -43.3206
56.4338 17.3331
-20.7613 3.26834
-76.4957 -14.7346
50.576 43.5277
60.0836 10.9515
16.549 -33.8281
18.8187 -34.1434
14.1577 -40.5677
2.70975 -44.7421
1.63445 -17.2937
-1.95749 65.5685
-5.85863 43.3916
56.0841 37.8181
-12.8668 9.33677
53.5307 20.0749
-15.7349 24.6042
-47.0589 19.1891
-116.539 65.6365
-19.0109 17.152
-38.9764 -11.1076
-37.6774 -62.3454
15.4502 22.0506
-5.95337 17.808
22.7932 -34.5442
-32.17 16.0629
116.562 4.10991
-7.6006 -21.5978
-5.72167 73.0804
-41.321 -11.1638
42.1133 -9.87224
69.7286 29.0708
58.205 22.6718
49.4917 -20.8318
-7.8895 8.64727
4.96785 -22.5776
10.5171 14.648
21.2888 22.2075
-11.9116 -9.83377
-39.6849 42.6732
-2.60046 46.9776
82.833 4.58343
-55.5078 12.6136
44.7504 -38.7097
-3.56259 -75.7028
-95.2154 43.5348
28.0203 -21.5687
-41.0528 60.5439
-32.9291 -19.3416
-15.2538 18.1035
30.0313 44.0966
37.9859 33.6226
31.1009 0.623611
-18.3926 26.7495
2.24753 -20.3778
-63.5557 -32.7478
4.59642 -37.2097
-31.0536 11.2475
13.2666 14.2289
2.11277 -82.2673
15.8054 25.089
59.0566 -35.1264
-11.8087 2.80796
18.7545 -32.5328
50.5505 -6.07797
-57.6484 -29.7538
35.4832 -22.9518
-51.1796 63.4723
70.8529 -40.7734
41.2681 -10.2293
57.595 -74.8502
1.3973 19.814
-51.4606 91.0988
-22.8669 -76.4186
57.2817 22.5166
25.7142 60.1213
18.4953 0.231337
19.5285 15.1158
6.34834 -26.5663
3.55174 7.99684
22.7558 -1.31309
4.14619 22.9541
-50.1906 -9.07685
-60.6521 5.56388
40.2208 -32.6499
7.92014 -33.6485
-9.42678 -22.6472
54.4207 -35.5683
-35.8 4.95058
-59.3835 19.3318
-31.6663 16.2144
-83.1808 -5.61435
-12.7709 -29.6545
45.5982 46.9027
51.1881 -35.0703
-82.4805 57.4643
-17.4711 17.4717
-35.1748 -44.8444
-51.5375 -61.1812
-19.0109 9.12159
18.3735 41.3981
-44.4005 -63.392
-20.173 -83.7728
63.0734 33.8685
-28.3571 -28.6887
21.4555 28.0375
-13.9519 -10.0049
2.70719 74.2756
48.4292 26.8324
61.7618 -15.0242
22.4208 27.9561
37.0827 46.231
-1.47358 -12.303
55.3628 34.2481
-28.8677 1.54293
-10.8346 -18.6077
-32.2643 -1.52614
-20.7879 -33.7943
-5.3302 -12.1363
13.4932 17.1309
17.7618 55.8241
-39.8463 -20.4139
-91.4736 -27.2976
77.3206 -1.24977
-8.42744 -1.70601
-31.1404 29.4475
-36.1434 69.2737
-31.5976 13.5363
-26.4212 -15.766
-10.8065 -7.67663
18.7847 17.2085
-75.248 -19.3502
3.25051 -41.048
37.7184 -17.585
-25.543 -41.8244
24.4248 36.5722
59.5807 -46.1898
86.4424 -21.7961
-5.90593 29.8985
-22.9623 -46.5843
27.282 83.6175
12.1672 51.6452
8.80868 -8.35039
-71.931 -59.9349
-22.9912 -41.8023
-1.24758 6.24242
-4.83727 -48.482
38.1553 -5.07675
35.2335 -1.83965
-9.83092 1.91078
13.0075 -28.9131
-11.9974 20.9952
2.34574 52.6323
33.0251 25.5044
-15.14 -10.9129
27.2273 -17.2852
-8.29793 -20.5878
-18.8597 -34.8211
-15.7081 -5.86866
2.76588 8.33496
-14.5628 -19.2486
22.1477 -12.4117
-0.248035 15.8227
32.4577 -41.3067
7.26517 7.6179
-44.3489 13.5274
21.3865 1.93035
2.81823 -11.5772
5.64371 13.3406
19.2318 -18.9981
1.82767 -47.9555
-45.2007 86.5013
0.887312 -43.1181
-49.2973 -5.80244
-82.5273 -53.6548
36.8736 43.1372
28.578 -20.3462
21.9247 -48.0978
2.27846 -9.34624
71.9801 80.6044
-10.668 29.6852
-31.6273 17.3515
-36.2154 -11.5701
39.971 -20.2963
29.2167 -21.0839
-27.2979 -52.6025
39.1857 -38.1155
36.5221 -13.3533
-43.7319 -15.85
-14.9986 -15.7838
-33.7702 -79.9153
21.2576 45.0727
43.8315 62.2596
-18.3401 -29.8208
-2.72785 23.7624
43.7532 -18.9706
0.389484 -11.1341
-35.3623 5.88662
47.752 -2.63527
9.19749 38.0733
-0.92218 17.7861
35.0181 56.7353
-17.9391 18.9984
-1.91658 -9.90883
-54.6023 16.7763
29.3718 -74.4053
0.967514 -53.5258
28.6126 40.3392
-22.3485 -29.4464
-36.933 2.26099
-42.2688 -43.2861
29.0005 -15.8791
7.9112 5.25977
47.3925 -5.47012
10.8508 -9.88671
-19.9824 -15.6259
4.891 -29.6694
3.24966 27.53
-37.4734 -40.9752
-31.6624 -32.9705
7.04862 30.6862
-27.0875 -55.7555
11.2371 32.884
-1.47985 -13.1368
-67.5177 -61.9525
55.9996 -86.3209
22.1639 -96.0699
12.8776 -30.904
32.4033 23.4806
-26.5083 -67.321
6.30528 8.90413
-12.0324 -18.2174
-3.07273 11.9547
-15.062 59.6643
-10.3871 -18.7393
61.4727 26.3757
16.7991 -32.646
-35.9339 8.01102
19.4605 -4.5199
-15.9406 22.1318
-82.3707 10.1702
47.8387 66.8786
48.8742 -9.12871
15.9826 2.85688
-4.29673 12.4542
-31.2574 6.54204
50.3618 -9.83248
70.0902 35.0601
19.7679 -59.9898
15.5566 38.589
12.4959 -61.7904
-42.8513 38.803
39.5178 -2.90281
-20.7709 -78.7413
-1.79963 -13.4302
36.6061 38.2262
28.6074 16.3794
18.743 6.64957
31.3882 13.2526
48.9578 6.84295
47.6635 34.5969
-73.2309 -1.35238
31.2547 -52.9151
28.1902 -2.20173
-5.28419 9.77507
-48.8504 -27.7391
33.0444 29.1361
49.5332 -6.25203
38.913 12.5964
-2.65512 36.2003
-6.60078 11.6771
-26.7706 -13.5063
-1.95399 41.2133
-114.751 -21.2328
-6.49279 -7.00175
-7.52963 42.9427
-19.6003 16.9025
9.65731 36.5538
-5.2314 21.9269
7.26623 12.6969
40.221 1.34184
-21.2133 5.49009
20.1299 -14.2217
4.07648 12.1875
-22.8244 1.74804
26.4022 -23.9305
-14.2333 44.9303
-20.3403 -80.2347
48.0309 1.18686
-81.8294 3.12204
-25.4704 -74.4334
-10.884 19.3616
-3.47919 -26.8618
-9.52258 -15.7294
64.8228 4.16716
-78.0899 52.853
21.5923 -49.8603
43.2995 0.0686169
-67.7151 0.150669
-5.63753 58.0528
-32.2393 -37.4245
64.901 -40.2034
-53.4349 -16.6805
-7.08173 -34.8332
-21.0944 19.4059
21.3983 53.1895
35.8299 -47.6934
14.8424 9.35508
-9.38148 15.9597
-31.2577 -21.7775
-18.4205 54.3154
-4.96734 14.5232
-35.9868 -60.0282
3.69218 63.1333
-15.6383 -67.2222
-17.2512 10.09
-27.2027 3.33391
0.110811 61.4962
-9.29911 -6.51027
-2.17311 14.8249
44.7867 -23.9473
5.21368 -4.80331
-3.17983 12.6636
39.0172 34.0322
-31.5132 -15.5193
-14.6353 88.6693
21.4648 8.46696
0.61605 11.0457
-41.105 57.0466
-13.029 81.6993
-16.5718 52.588
5.44645 35.9473
17.8706 26.1863
5.30997 -30.3466
29.3522 -41.2489
24.7301 1.9121
56.9144 22.7912
-78.017 21.5283
-21.4478 39.5257
34.9468 13.8731
-24.6652 -42.1341
-72.6387 -31.6903
-46.8341 -7.80589
36.222 -0.341804
13.1478 45.7301
45.0446 -29.458
23.5882 -16.2363
18.5263 40.7482
7.74779 -51.2338
-4.52616 13.5815
-12.7087 -1.3037
6.06978 75.9579
-24.2669 21.1583
-49.2943 13.6309
-15.7858 -21.6706
-56.6025 58.1065
-16.1148 13.9656
-16.4538 -69.4985
33.9233 7.30115
68.1181 16.0668
-27.6915 43.1108
-19.0974 -39.0549
72.9757 -9.23383
90.4003 43.7895
-27.4802 -34.4145
16.7919 18.519
30.8555 19.6449
-4.83345 -100.911
65.3944 -8.92203
0.620726 14.8708
11.7071 18.7792
5.79854 -7.92546
-1.67307 8.11131
30.7291 -1.9457
56.5358 75.5014
-18.4517 39.8267
-20.8955 -5.75201
-37.1443 -45.4762
-7.38801 41.0586
40.2827 -10.292
-12.9246 -22.5108
-46.7317 -29.6165
-1.02883 46.419
82.9692 -15.3246
78.8617 -18.6415
-50.3971 -9.59356
-54.9419 62.2073
-35.0108 20.8296
-47.3273 -14.2615
-1.65366 27.2409
-24.5843 -30.2794
25.1597 -27.1667
-20.0966 -13.7576
-26.0955 59.3254
-1.91228 35.6892
-87.987 -88.1564
117.214 -54.3909
19.8124 59.5722
-20.8542 11.1224
7.52073 7.64353
34.7717 11.4056
-34.1185 -28.6027
20.8392 -18.0005
-91.6887 34.9798
-36.4244 -50.1092
-47.5252 -68.2781
34.3468 -10.2304
5.12675 21.1782
-16.0995 25.563
62.1193 55.1202
44.6661 -34.7013
9.15419 59.8913
-20.2971 -13.6458
-50.321 -9.111
24.867 -42.1309
5.60547 -40.9643
-27.0338 -39.9296
59.2503 4.76088
-25.7657 -33.7382
18.3261 5.9401
46.6923 -22.1573
8.00056 119.201
115.451 -86.8869
-56.1623 -46.6687
40.3514 11.6306
30.1126 -37.1388
-89.605 -18.7498
6.41165 -27.8945
1.89894 61.7476
64.1789 0.678635
-9.45943 15.2978
-47.2872 -38.2164
51.4578 33.5839
59.7013 -17.4242
54.2212 28.5076
-1.03324 -57.2266
-24.1259 -95.988
-12.584 21.7883
13.0068 -0.131084
10.1445 -24.4176
-38.1045 10.5382
24.3065 -53.4362
22.4779 0.83316
-90.6447 -20.1059
-30.1318 15.0312
-75.9639 20.1459
-37.7769 26.4748
-25.5782 -29.2477
-35.4169 42.9948
-23.4183 -38.5478
-3.99949 1.25226
39.505 61.1524
-71.604 11.2476
47.0524 2.26725
-13.4341 27.7614
-51.3564 -30.1478
-5.49039 -35.8255
42.8034 31.2819
13.5255 -44.7117
31.2244 -59.9599
17.9932 3.01467
50.7283 2.149
-29.983 126.246
26.9463 26.8521
6.44738 32.7388
0.470974 52.2778
29.3048 -74.3615
30.0964 -19.193
-72.0038 -51.3779
2.71706 -7.18847
66.293 22.4464
-20.2059 37.0625
20.3421 -9.52491
1.84668 -20.1626
41.1013 44.9807
5.85553 -36.6302
-25.9319 12.6984
10.9361 -10.2163
-33.933 21.4156
-18.3038 9.70421
-44.4615 0.495502
-11.0589 101.324
-25.7892 -32.8829
-29.1987 13.3043
20.1751 13.5419
-43.8895 12.0097
40.6934 -37.0834
5.26197 -10.5999
-9.47761 0.635285
-59.5799 -15.28
-46.3814 -23.7409
-24.9398 -21.5773
13.4493 47.6196
65.2085 -43.8486
-47.0727 -10.7885
56.4284 -7.80597
43.2356 16.7017
-9.88207 -25.4447
37.2141 -3.90627
-7.03386 -13.1942
-20.3504 8.23131
78.6983 -36.2437
16.8056 27.1997
29.6031 53.8836
-4.87199 36.0432
32.332 -41.1285
-38.016 7.01499
-13.3469 23.214
52.2425 -70.1565
-1.86868 -14.7713
40.6696 -35.0393
47.0682 -9.32099
-3.84558 -38.7146
-13.3099 -19.8305
-30.5683 -26.3791
29.3788 26.8977
-63.8312 -16.4203
41.5891 -30.0495
-21.6451 -36.4122
-28.0887 11.3861
-53.4199 -69.071
-120.644 20.6191
-5.1489 32.7257
-25.2732 -12.3222
108.606 -26.3127
-13.4603 -26.5321
-21.3418 32.5909
-7.84185 -46.9989
-56.1608 -17.9439
-64.5631 39.4253
-12.2419 12.8401
-1.86331 -33.8212
55.7501 10.6211
23.2984 -41.3367
-17.0714 -1.89289
-61.0671 -13.2555
28.3383 -11.4738
18.6708 52.701
-19.8364 90.7965
12.7635 -5.37868
-0.602742 4.44764
-9.95844 -58.9953
-29.4292 42.6836
1.28681 11.8985
-33.6589 -58.0181
-74.63 89.2411
0.791008 -23.19
22.3942 -22.2796
-42.4585 -11.2417
-37.4041 0.397
-6.6298 -33.7907
-69.4661 46.7624
-47.3613 -7.36837
-23.3807 -15.1395
-30.0208 14.9754
-17.935 60.4634
36.2192 17.1502
-2.41518 -20.8509
-0.623297 -2.64709
-36.6469 -24.5341
17.1792 17.2713
26.8655 -73.9862
71.1021 76.3704
35.9995 33.1865
-53.2931 -2.18713
-5.40219 -4.58654
-37.5235 28.157
57.1045 -20.5767
14.0715 -18.5379
12.2507 45.0924
27.9258 5.07913
-1.21134 -27.0025
54.4534 0.0834436
-45.7154 13.6063
-41.3887 -18.0282
85.8346 -26.9718
14.5004 67.5346
-3.80704 26.975
-61.7395 2.98212
19.5173 17.7497
-6.00025 10.3335
-21.4864 2.19055
-0.078968 -19.0227
-4.79526 23.3926
56.7022 -19.435
-11.4763 38.6715
85.4275 31.5855
-52.9079 29.6066
-31.348 10.1187
-13.8783 -14.1191
43.8233 75.4818
28.773 -60.5472
-28.3598 -5.71854
1.44587 103.018
-62.8404 -41.9822
-19.884 -44.5847
-32.824 -47.0366
18.2462 -10.6283
-42.1969 9.44665
31.1874 -7.41271
12.5488 18.7171
7.54969 57.1708
26.4248 -23.1651
35.3913 -31.8087
-6.99289 41.1946
-61.9718 37.0437
45.711 -28.2959
34.7931 2.37124
65.6348 1.13152
-20.8764 -0.0435562
65.6486 -4.06577
41.6028 -12.2671
7.37554 -31.2428
-23.796 -52.986
22.9045 -29.9954
-29.2143 -54.7376
-28.9938 11.1208
-23.1112 -0.0274186
32.5428 6.41917
46.2892 -27.294
17.4594 4.9055
-25.4871 -13.1151
-51.7659 41.6853
-78.6703 49.256
-25.3932 -31.7162
-38.7017 -22.6576
-24.0086 -48.0452
-27.8815 107.181
-95.3025 -12.2577
6.61014 3.49691
6.17582 -16.862
76.5896 2.89272
-18.3591 21.773
60.0942 9.84525
7.95988 -5.28445
-36.7808 28.0772
-15.3548 -38.7811
-4.15968 -48.3643
-76.2005 58.8489
-12.1283 20.0548
25.4202 -13.3355
10.5002 4.33266
45.6166 -4.73694
15.7616 -20.1195
39.5966 27.0108
-37.7939 6.86929
-6.09811 -87.6997
14.6356 -6.23457
3.58362 -60.459
60.8983 -15.6915
-31.717 -47.5836
61.7475 2.9349
4.42742 18.1942
-1.51023 -26.7386
-35.4307 22.9471
91.944 56.1711
-50.7736 -33.6799
-46.3103 -46.891
-25.7356 26.6151
18.8207 42.0539
-94.149 -4.53442
-22.2747 -80.1105
-42.0837 15.9286
-14.3362 -0.598632
46.933 -14.2415
58.6465 -42.8658
-28.2797 5.96535
-28.3119 33.8658
-23.4879 -45.5776
6.71998 -46.6409
27.3525 45.3036
-14.0978 -45.9651
-3.98372 51.8992
-3.05029 45.5068
40.5919 44.1081
-121.938 2.38566
-25.5147 -81.2872
-80.4851 4.94943
46.0131 -44.8303
-9.08411 -7.37862
19.7787 -11.1568
-33.5777 26.3685
-14.4655 29.8677
-3.63133 -49.4015
35.9359 54.3638
11.871 -26.8962
-4.53234 -6.99585
-18.6613 -6.64643
-47.4399 0.53546
8.2259 49.1563
-45.0257 22.3774
39.6897 6.40525
38.5124 0.126036
-29.8196 50.1631
-7.20548 21.8799
27.0838 -16.8677
67.4613 -70.0762
45.125 -21.1564
-4.52547 -25.7863
-7.94237 -16.0059
70.0944 -3.16784
25.0739 24.7847
-24.7437 13.837
38.7201 -9.73466
-14.0197 30.8503
-16.243 -42.827
-8.38084 12.3512
48.7598 25.9271
-29.0369 16.0836
-43.7205 -31.1514
49.1257 -18.6236
19.292 28.8119
4.73515 -28.0268
-6.1202 -51.9176
-6.15556 28.4897
3.31777 -9.81816
1.70127 19.2939
-5.56571 -63.2598
35.1977 -39.4518
3.15966 -45.2778
25.5792 -59.1214
-29.3296 -22.8947
-7.78894 -5.92347
-16.5533 12.2236
-23.6491 19.4745
-11.8151 -47.051
20.9136 -24.2069
37.3344 -21.3749
-32.7462 4.07661
-71.0719 -32.1127
90.8663 -10.6166
26.899 -37.0613
49.4941 9.62157
-66.5414 -39.2822
3.10016 19.7247
-8.99356 10.9823
20.4057 5.18697
-45.2369 49.5133
11.46 -42.5654
-40.8669 -18.0954
-5.14373 34.8743
19.5929 37.493
52.5756 -20.0791
-14.5921 -19.0673
12.0574 -47.0679
48.2684 -54.1218
6.54471 42.0527
44.2558 52.6008
-20.9372 22.9178
51.4567 41.6941
-2.11537 -29.8451
10.8964 -23.5673
-16.4706 -11.8329
-24.391 -1.22743
19.6091 12.3291
14.9249 -54.2271
-3.38607 -33.0689
21.3534 3.50119
10.5206 26.8493
-1.25456 5.40529
-3.32327 1.05894
55.3431 -33.459
6.24113 5.68888
-35.1416 -15.5328
-73.4688 -98.5475
21.2917 48.716
-2.62868 32.0395
-4.73215 2.90161
7.05993 1.20508
16.4953 11.5367
-1.7806 -16.6381
-44.0152 3.81042
-2.75593 -53.7085
-31.4039 9.25021
12.1477 -28.7481
-49.2795 -27.8093
10.0467 23.4762
-10.7442 2.11658
-8.85835 12.0171
-35.7104 -12.9809
54.0473 -14.2291
35.5515 -53.1973
2.88398 -27.3237
26.4792 -62.7407
17.1502 7.7204
-33.8848 -3.6701
15.3073 -20.9663
17.0814 14.6577
-23.679 55.8623
-6.97815 17.2844
38.4938 33.0479
-4.78493 28.1703
-34.5938 -41.1642
-72.1461 -1.72755
-49.0374 20.6348
46.1762 4.6118
-28.2635 50.2794
-33.65 -24.2353
-39.8876 -87.515
37.4846 18.2964
55.5907 -13.4702
33.5008 -23.7296
-10.0717 -38.7768
1.60221 -27.3107
28.6149 -30.8622
-76.1132 -9.7391
23.2233 20.0258
-3.10211 -65.2182
3.56238 -2.07916
-87.7695 29.7831
21.8267 38.9182
-10.0951 -62.6342
-0.17794 46.651
28.1128 -0.688406
-43.8821 49.9451
-15.8129 -9.23374
-32.3378 -20.1486
-67.6426 -4.80734
-126.208 -53.5339
44.7151 5.98216
30.1137 -49.9281
-36.8558 23.2923
1.43682 12.0153
-1.10942 12.9116
23.6391 10.1421
11.2352 16.4767
-49.5703 83.6358
15.0194 -34.0208
47.9752 -50.6869
-22.017 36.626
-3.13379 -17.5835
-21.3839 20.4522
-19.0177 72.168
-51.1476 27.137
-10.9348 7.76438
21.7323 -76.1837
-2.21497 -48.9397
58.2601 0.158188
14.2021 -4.02015
-12.9725 17.5112
-5.32333 -29.8666
-58.23 7.45443
-39.0307 30.8772
78.0888 -20.411
-26.8925 33.3342
-19.5119 44.2114
10.4617 -15.0896
2.18804 -19.2059
-15.5421 28.5705
-5.49377 -48.475
-31.4658 -29.1659
-15.1731 31.3721
23.1377 22.8756
-33.7472 -5.18223
25.5427 -27.4065
-2.80339 -80.9513
0.897259 -22.5052
-17.1092 2.09834
-26.4046 35.6446
-13.8389 -2.7142
45.6615 23.6627
51.2011 44.6209
5.28393 -14.9514
-5.36857 -83.4633
8.96006 -40.5788
24.349 32.4958
18.273 22.2857
-4.67654 -4.4548
-4.23233 1.89603
-51.3301 41.1757
52.081 -42.7119
-3.35683 -27.0173
-26.7236 87.4931
-14.0137 35.0473
40.6704 16.5849
36.365 -25.0589
37.3645 6.96221
46.2793 25.4631
-3.35586 9.50687
-47.3662 -35.6539
-21.5767 -23.4345
96.9683 5.54202
-37.7346 -29.9898
-4.54328 30.1983
11.6139 22.4425
23.3014 35.889
19.4785 2.20817
-30.5568 62.6802
-5.68997 -10.7849
59.6976 35.8027
26.5694 -56.1083
-22.2561 10.7731
-5.82334 -10.8087
1.60163 48.7408
-61.2972 -13.2841
-20.8134 -17.3307
0.839972 123.377
29.7161 -3.78236
-74.8266 12.5085
-0.301121 -12.9346
11.0414 -71.7445
-24.9491 -21.0841
-30.2798 -65.424
20.2179 -14.504
-10.4358 -32.2829
17.5541 -23.6405
31.5751 -37.4885
-26.0466 -54.7104
-6.78382 35.7703
-19.2464 25.4849
14.7725 -21.0831
86.0346 -67.8563
44.0314 -58.5931
-28.9592 30.7475
-6.84556 -3.14618
26.4137 -35.6088
1.73213 0.410995
-29.9723 -75.7331
-3.80851 -6.70073
-36.5928 17.0251
0.706653 41.2655
46.5333 18.2415
3.24494 -41.5586
51.7492 -4.49188
22.0105 -27.9766
-15.8359 -4.27806
-64.4501 14.8947
16.0624 -20.1439
-28.7409 22.3758
-34.4558 90.3295
6.60188 -23.3223
24.2967 7.48221
44.2593 6.95138
-46.362 14.888
75.276 -40.6815
-53.5231 -33.2865
2.9474 -18.2269
-28.9131 1.25566
-1.14121 -5.86956
-24.0699 63.1665
-6.23129 3.35278
-59.7333 -15.7266
-55.9509 -6.49109
42.7965 -12.5415
-44.6324 -56.1075
-11.6177 12.8547
-44.4749 80.4687
14.0812 62.1945
48.9957 9.09071
-53.3241 21.5186
-7.39349 -11.9879
-18.8805 -59.6189
-35.1526 20.9504
-7.36724 56.199
-10.9662 22.0767
-40.4375 -18.6729
-58.9484 14.0382
-34.9552 -9.17314
18.7064 -69.2884
35.2193 -1.10931
-57.0892 -31.5239
-38.6104 -38.0231
12.273 -4.86275
46.1944 82.0342
-23.2535 24.3438
25.3294 21.6296
2.42886 20.7992
15.523 8.71159
22.0395 -25.9915
-9.23437 73.7083
56.9604 0.55618
-40.6342 11.0382
-71.6813 19.8416
1.4551 0.348011
-18.4185 34.0249
36.9258 76.9551
17.1514 35.5065
15.4737 32.6731
-35.0871 65.8327
-25.337 42.9201
5.85537 25.0669
-0.461554 -100.975
39.3583 64.1917
-3.07187 44.7256
2.37568 -6.60344
-14.7145 44.8459
58.6119 6.44162
-6.89793 48.1982
-54.4611 -2.42009
17.4347 -17.2056
24.6265 30.3415
45.42 1.20384
-17.1839 -29.8356
27.6778 28.2969
13.0593 -8.43734
75.0667 -47.7922
-65.8831 31.7198
9.60524 -0.397576
-18.6755 -50.0816
24.4457 -11.4376
22.0895 83.1827
-29.3213 -65.1994
-9.85133 20.5559
16.8293 35.3513
-59.8077 -22.046
1.21219 -55.0432
14.7833 2.34516
43.8665 17.5816
37.8248 -22.296
-45.7405 -53.1721
-44.2612 -12.8975
-31.5203 -78.5939
22.3732 0.730516
-29.849 -28.4208
-11.1138 -45.7563
-12.4522 -36.5356
2.34979 20.2058
1.86969 9.23552
-12.3191 8.96913
5.3468 -0.954081
-16.661 24.658
-100.064 14.3953
-67.6036 -3.96189
-18.1162 18.9095
-27.7918 -30.1393
-5.40617 39.4001
-18.0503 51.2918
31.317 -35.4567
54.0754 2.85355
48.423 17.654
10.2505 -23.9439
6.51591 20.7595
36.3737 10.4169
-82.4541 61.2219
-49.0429 62.8896
-49.8256 39.1741
-53.3226 -0.0400696
-33.9107 37.5821
-20.1917 -5.94266
1.93998 20.8084
25.6597 32.8742
-39.451 12.9304
-48.1831 -88.5085
0.533816 36.2114
-18.5425 6.01566
25.5993 70.138
26.5773 -68.0751
11.9899 -6.37746
42.4001 71.8616
41.8032 25.0715
-41.1884 -23.7697
11.1185 -44.0988
-3.26806 -57.1535
-19.322 49.9094
56.7549 20.5416
-15.7824 -10.4675
14.7199 -21.5543
-26.9799 19.7169
-22.38 -31.6962
36.0484 -6.77725
-16.3423 26.2725
28.1584 -24.6715
-63.4887 56.8182
-5.34643 -31.2888
-24.2852 -25.6682
-3.56795 -4.8547
-65.2456 -15.6112
10.2022 40.9274
8.8514 42.3363
0.456257 -83.9259
-71.8359 -30.9417
15.3916 23.5023
89.6697 -8.47958
-11.0104 38.5962
-36.1455 24.9158
9.51437 -90.1957
-32.7675 33.5372
-26.1386 -80.9381
11.6036 -41.7974
-5.11011 -19.4465
26.1235 6.27271
31.1189 39.2516
-1.81718 9.53901
19.5546 15.4271
89.5392 -33.7118
92.8054 -20.5915
-9.21681 -10.3155
10.7381 24.2364
-24.9069 29.8912
25.8422 10.1185
1.68819 39.7408
27.1134 1.86962
-21.3256 -7.07983
-28.7672 86.0336
12.1491 -40.5806
27.1312 18.2365
-22.7748 -25.5195
32.6172 -16.752
18.1908 -6.73013
60.1033 -37.2816
15.8634 -31.7543
18.8212 25.7638
-53.5743 15.8269
-5.10301 14.8986
15.7001 -58.943
28.9166 20.2062
24.3046 -34.7039
-4.98357 2.61916
27.1795 68.7438
-6.06146 16.7543
-21.6203 -93.3458
-47.9478 -10.177
35.4133 -57.9386
77.8212 -80.4433
4.99854 19.5947
-22.2356 60.3842
-4.06568 69.1414
15.4268 -41.0876
3.47007 -52.7151
3.01144 -20.3213
25.9758 -25.2268
3.53704 78.3239
65.9563 22.1917
32.7328 -28.5586
65.914 12.9641
28.2688 -82.4042
-91.6863 31.5688
2.2574 6.85975
16.9584 30.7932
-29.4481 32.2929
18.1352 -46.7662
45.5932 -4.14349
-4.94896 -57.0689
6.36727 -69.354
-42.3339 -25.1306
43.4 -21.5991
5.41394 -30.5096
-6.18965 49.4561
-25.0041 50.0006
-0.527582 31.2706
2.75336 1.14398
54.0766 57.2542
-15.7051 -9.17702
-29.5316 2.2871
11.2311 -6.46086
-29.7924 31.8279
54.1478 -39.23
-46.2245 -17.594
17.7491 -119.802
36.7827 19.7583
42.0333 22.1809
11.3824 -2.37576
62.6023 21.134
27.5402 -3.45648
21.5224 -21.086
-24.9957 -43.6807
-6.32323 -41.991
3.00602 -62.3698
38.5048 -7.90266
22.2816 -37.3545
-27.4181 7.97942
28.4649 -16.4464
63.1991 32.9297
66.92 -4.192
19.7535 -9.3415
-49.8713 -36.6647
10.19 10.7152
-30.2961 -51.7321
-12.5195 -11.2877
-3.69856 -27.6461
-25.4013 -5.96733
7.4906 -7.89056
56.3246 4.50654
-38.1492 45.4659
-8.44318 -30.469
-17.6119 25.3117
-30.6351 9.68709
12.3374 -44.2064
-12.6563 0.458824
35.1191 -9.23475
32.872 -24.4837
3.87414 -30.0155
-45.1098 -18.4057
10.0339 17.3107
38.276 -18.7835
-33.1666 -25.183
-0.382635 -10.5696
-54.4313 33.1851
27.8377 10.8368
13.14 -21.0251
20.3355 -14.8773
84.6051 8.65791
-3.39383 9.66437
-14.2431 54.6105
-62.2479 12.0458
-5.90799 47.9803
47.3666 -23.8333
-71.5731 23.2258
47.8189 18.0234
1.31749 -63.6388
-6.08251 -33.2927
-2.26455 33.7156
26.8063 -95.0212
9.3474 38.0847
0.852929 -50.4268
-50.9759 -31.6054
1.10064 60.1937
39.9496 37.1725
49.3996 14.5856
-35.7767 16.6606
-64.307 7.90016
43.2051 26.4843
12.6639 33.5398
-11.961 -3.10757
12.8329 -27.4584
54.8263 8.66216
-36.5412 3.94224
4.29391 20.5946
11.0895 -40.7937
30.4684 33.5468
60.0402 39.7121
36.9311 -44.9317
-29.1516 32.7415
20.7777 -5.14215
16.7189 -7.82014
-11.1272 -53.3189
-18.4104 -10.2741
-7.48978 -28.3752
37.8067 -23.9894
-38.0479 16.5132
14.0735 98.952
2.66336 13.5053
31.7662 5.64818
-0.915577 -92.2571
57.796 42.0545
25.9996 2.0511
-48.0668 -88.3206
-47.7759 -45.0986
36.1498 47.5032
-4.4373 -14.545
-73.396 -9.71365
-17.3107 25.3218
-46.0552 7.69566
-45.0359 -13.244
-5.52091 -15.9735
75.3009 18.8713
25.6663 2.31629
-8.10293 -7.85328
5.90751 89.3688
36.6636 7.38836
51.1207 -42.4553
1.25848 -98.6016
-4.39492 70.0359
60.0801 22.5392
-26.4076 -15.7965
44.4651 -21.866
21.2781 -37.9249
14.7275 -7.77799
-24.9126 64.0379
-8.01591 26.8515
-11.6147 43.3017
12.1192 -2.08601
14.8848 33.5943
64.3918 48.5734
20.7105 15.5664
14.8313 -94.5961
21.6765 14.4649
-101.927 27.6812
59.9664 0.70586
45.9768 -43.9198
-15.1541 -69.1692
19.8187 -24.9268
1.35436 -39.6234
24.2033 24.5757
-66.9225 52.8926
-27.7721 40.4374
-104.45 -12.1798
-99.9591 53.1193
-19.0625 8.34951
-10.684 -51.4258
-25.3075 29.4726
42.5108 -4.59188
10.7578 -71.8355
21.0667 -0.662676
63.3071 -28.7404
29.2223 10.2276
0.568285 21.9242
-47.6703 9.4096
1.73398 2.59961
64.4626 -42.3787
12.888 -34.5445
-65.1642 -25.4108
-22.7669 51.9954
-80.0682 -47.3161
-51.0122 -31.1443
8.41625 -25.0925
36.2874 -81.6093
6.9767 -29.8682
-50.0797 7.68565
-31.3232 10.4183
-11.591 20.7751
-23.2675 49.4085
96.4367 0.51365
-16.9891 -27.2289
-9.37595 1.84527
29.7708 31.8678
-20.3111 -11.6478
21.4806 -15.5095
54.9818 22.617
4.19507 -46.5824
1.65421 -14.522
-105.063 -14.6612
10.5385 -78.6183
2.88881 -32.3391
-33.0181 0.408894
10.0507 44.3404
-24.9014 -13.3029
54.1965 -37.3342
0.342567 -24.5626
-4.0086 10.4192
33.5452 -45.8182
-22.8825 -51.8184
18.6906 62.2495
-67.2742 2.81515
7.81371 -18.5802
11.1868 -2.77841
-78.0628 16.7616
11.7953 25.5261
8.01409 -26.568
50.7832 10.9538
-73.035 57.3461
38.6812 4.47924
-18.0581 3.77443
37.837 -6.19622
-3.27481 -10.6462
-15.0343 -38.8159
60.8021 39.939
-68.3695 46.985
11.4553 -0.662918
24.6227 -65.0904
-28.222 0.395252
2.54567 12.0289
28.7735 23.5792
-14.098 -24.6893
-0.153605 1.13334
-15.9945 25.4371
24.2949 -29.7593
-13.7045 49.2408
-51.3207 91.4754
15.7338 18.0584
60.6733 59.4234
-46.3509 -66.3693
-2.78517 7.75382
-34.7264 -24.1284
11.597 -21.2845
-33.2979 22.7781
0.126318 38.219
-36.1328 2.12007
-18.5926 -49.5278
26.8342 31.6605
-13.8941 -51.0304
3.15534 -34.4642
7.68245 -29.8263
10.1895 29.805
-36.2561 25.1885
18.8295 25.0603
31.8933 -32.0586
9.44838 20.0815
2.69887 16.6382
17.5652 12.0824
37.3845 46.6217
-39.8524 -74.6539
14.8014 -53.9805
36.2497 -12.9982
13.2932 34.5582
13.8855 -9.8615
-50.6923 14.8628
-39.3712 -11.3675
-49.4543 0.311844
-36.2853 -68.263
48.5159 -23.1881
-2.2065 -11.7654
-17.4716 66.3011
26.3316 -9.06973
13.7475 -56.8816
23.5268 -38.3061
18.1278 -11.4856
-31.7381 29.516
-41.1503 19.1833
13.7825 21.9511
-44.1414 -15.0654
-1.56808 -26.0087
-46.9993 -66.6906
-34.7048 13.1334
-7.20729 4.5247
-27.7959 38.2995
-26.6724 60.4114
-50.4311 20.5113
32.2449 21.9351
28.4009 -40.2972
-15.0501 -47.0734
0.701693 -17.8627
-12.5192 -26.8602
36.498 6.58048
8.18395 15.4404
-96.5638 98.651
54.8179 56.0892
-13.4818 -31.9024
-27.5106 -6.17827
-44.5871 -19.3044
4.5739 -24.432
8.33045 -20.284
-12.9201 -37.3715
14.7335 -1.36681
-0.333595 -15.0834
57.0151 3.72163
-31.0453 32.6351
58.1993 29.0862
-82.0834 -21.7593
-50.1112 -16.2129
-28.5636 -16.0037
-17.2606 -45.99
-31.3669 -33.4135
49.2945 -10.0615
-62.577 -33.7169
-7.65664 2.92884
70.3447 48.381
-67.1893 -16.5158
-25.1838 34.8168
-46.564 14.0126
49.1856 -13.44
-62.4097 25.8196
-12.8589 -15.2326
5.43229 -19.4835
-31.859 52.8935
-38.733 -7.26779
26.9911 -23.7194
53.3664 57.2418
22.432 -4.20323
7.11181 21.0043
16.0228 10.5641
-59.5369 78.1301
21.0364 24.341
41.3067 -19.3858
10.539 -48.7581
24.8438 18.202
-0.479405 -31.9423
4.31772 10.521
17.2224 30.2247
29.8311 -44.0453
-34.4892 -14.0232
-26.1832 3.29716
-7.67383 -17.8028
9.56498 24.8455
38.3567 44.0864
-8.18125 -23.69
-16.9245 -42.344
-37.7244 42.9543
-47.7509 -7.58041
2.26226 48.6868
58.3532 53.2725
-23.4114 -26.8943
-40.241 13.4747
6.26393 36.2358
-44.3999 31.9024
11.6761 -20.9653
26.8069 -32.1939
-42.7319 18.8359
-62.5282 1.95776
-27.1788 -45.2587
19.3146 -11.8258
20.8658 52.487
-5.56953 16.404
-10.7715 -52.4854
-19.748 -8.74711
-7.17055 0.0113406
6.28042 -34.2581
-47.9903 1.21444
12.7127 38.5394
16.1222 5.30158
-5.32798 -54.7085
10.4239 18.7726
-8.91272 0.208858
-28.7445 -14.6387
0.000695229 16.2146
-40.4804 -61.7714
-35.184 33.7594
19.4063 -13.3585
40.9002 -78.3798
22.9999 11.1064
25.0626 54.083
-21.3698 28.8566
35.88 -11.4038
30.0845 -6.39647
-6.23737 48.1411
44.9201 2.22473
16.827 -9.64038
-32.2666 -27.2509
10.4729 16.8425
-32.6968 -19.7524
-6.96067 23.4493
25.411 -55.5281
-5.76108 -4.64374
12.3014 21.252
-20.3689 46.3423
39.8985 -17.1942
83.7349 5.53692
-1.77332 -0.369722
-32.8838 -39.7288
-42.6015 -20.8053
-1.7969 -0.145088
-9.42341 -37.6843
-31.9329 41.502
-38.405 -61.1644
18.1639 -24.026
-49.7161 20.6645
33.6485 -21.3714
-11.1123 35.4483
-5.35744 -5.63342
15.4114 -59.8957
-31.5158 10.0563
-41.1739 62.2769
24.787 -68.3227
-12.6657 -34.5466
-50.1916 34.5421
-13.0575 11.0224
83.948 71.5457
28.566 40.7111
-19.6659 -23.7964
36.5506 -50.9326
8.81857 -4.27011
62.7122 2.71461
22.0307 -14.9249
-46.0229 -39.4354
-23.9323 -17.5479
-34.6607 -4.49672
9.10252 -10.0519
55.608 39.0358
14.4374 -24.9837
-5.23413 34.3862
6.27224 15.1826
-2.67039 25.1985
39.9449 -13.0188
85.8009 -14.5714
21.3761 -22.055
-5.69839 40.9229
20.5463 -10.4103
-45.0959 22.7931
14.0646 -47.5638
-15.418 -13.3715
6.25784 48.8548
-32.9263 9.10408
4.59299 -4.15903
-2.97931 72.922
-3.11557 21.1891
-45.1832 -35.5661
23.9414 -2.36634
-14.81 -24.1216
49.6304 -10.8896
48.7754 -36.2547
8.93793 54.335
-8.52781 -81.149
30.7482 -15.2879
7.37962 -17.1223
5.76592 16.9958
18.4638 24.651
-24.1029 3.23979
60.9845 22.8935
-29.7896 -37.8981
95.1135 -29.1738
-62.1703 58.6375
52.0906 0.597892
-16.5055 -72.8101
16.636 -2.61028
109.734 11.047
37.728 -61.3162
25.6258 45.7928
-42.7092 -9.36298
-57.9287 -21.707
-54.2854 0.664117
22.0577 34.2036
26.2371 -4.85335
29.5485 66.956
43.0037 64.3467
49.0535 9.55368
-4.89062 16.35
-36.2634 2.66128
78.2869 -35.9314
-78.0596 -16.0233
-39.6954 25.9337
56.1062 18.9026
42.4399 19.0633
67.5253 -43.8486
30.3794 -36.1256
-36.2596 41.0598
-7.48799 -33.2613
-54.2871 30.2342
-47.286 27.7985
28.7093 22.9351
-17.2266 -13.435
5.47608 52.4555
11.4774 5.10852
51.8452 -37.8414
-59.7466 38.2055
11.1723 7.26194
6.85147 -3.39939
-47.2799 17.024
37.8218 -40.671
-57.821 5.82699
-12.5554 -11.2768
11.8675 -39.3165
-2.25518 -2.19911
64.1013 -51.8758
11.0381 -17.1074
-31.238 -34.1485
-43.9549 -52.3791
-60.5056 -66.6572
-42.6041 -43.1013
-63.3724 58.7819
21.8207 9.83737
40.4058 -8.36144
26.3765 -33.5818
-95.845 0.15026
-1.99005 9.29903
11.2551 -67.5657
54.8597 -22.9405
49.3522 3.24868
-9.89591 -14.6263
1.45096 101.833
-4.38082 2.64191
-50.0457 -34.4528
-15.1876 -20.261
-24.7521 23.7612
1.65288 -45.4311
29.3966 41.8734
10.7972 -60.0218
-9.42397 5.86795
-19.9131 20.4435
16.3317 -22.6165
30.3489 -49.6121
59.5352 11.8249
4.23515 1.43933
37.8787 -15.8127
37.7069 -51.7519
-9.96564 -79.9637
-2.67277 14.0867
-65.5355 10.5854
51.8535 2.04456
-11.3316 -34.7988
66.8128 8.09954
4.18219 18.7262
-40.0833 -27.4016
89.5453 18.9115
-18.8617 35.4929
34.6146 -45.9318
-35.2975 3.63066
-37.9439 23.5838
-34.4683 -24.9796
7.83081 -31.9527
50.6324 -103.979
67.7954 9.98601
-12.691 -53.124
87.3357 -16.4239
-37.9333 -112.044
26.7781 -13.9963
8.57988 35.0823
-6.74632 11.0601
26.5326 46.4292
25.8573 4.19532
-35.6419 -12.5879
-51.6113 24.3633
-51.1875 17.5561
-0.598087 133.397
-8.25427 -15.5112
-9.3297 59.9361
41.4412 28.0709
18.1241 -47.9271
4.57414 10.8478
-51.9957 -133.443
-20.408 13.929
-3.39326 24.8399
-27.8246 37.0533
-39.0305 -10.1752
34.4005 37.5472
1.08671 -22.5728
26.0753 -38.2897
42.4467 26.8058
40.1671 -24.6097
58.4268 -58.2475
-41.2148 -37.4369
-57.4245 -31.6237
37.5085 -13.7894
-18.1835 -22.0164
-68.6382 -26.6405
27.2533 14.9849
0.121798 -44.8802
-22.6557 51.8142
7.61311 40.6246
31.9307 -29.0276
-3.53638 -11.5487
24.2372 1.26774
46.1772 -33.448
5.7485 -48.3953
-13.8302 -36.518
9.65495 48.5065
-23.1491 -11.4277
-16.1833 -12.042
-38.915 42.4113
-26.4555 32.2767
-55.0042 -12.9315
-17.9631 20.7135
7.79261 6.49524
-15.213 41.4305
13.1174 -28.4597
-11.9981 6.60604
-28.8537 21.8918
-33.9056 6.06456
38.9999 -10.5524
-30.1314 4.61641
21.5686 71.3951
9.48421 0.559093
9.39448 -10.9959
-44.7149 36.7521
37.2422 -24.1318
15.1624 8.47429
90.6659 22.0753
36.789 17.9139
-23.9086 -84.2728
-41.9435 0.576992
-29.0026 -71.9222
15.89 9.89331
-44.1589 -17.575
28.0369 -1.45355
54.1643 -23.5451
-41.0173 -11.6897
-11.3477 23.2188
0.557709 41.4139
-58.061 -18.2279
4.75831 -64.3246
57.2912 66.9143
14.5927 65.1373
-66.3584 7.04282
2.43058 23.3123
21.6242 -63.9907
38.9757 -36.4497
72.9202 11.1863
-45.0948 -3.39345
-21.7968 0.940712
-46.3933 53.3797
-57.9021 26.6391
3.709 2.96062
37.0958 -16.6964
36.873 -63.1332
-65.1127 14.4904
-35.7808 -18.9604
42.5236 36.0846
-3.83942 -6.56276
12.6168 48.6204
-32.7421 2.53599
-10.5912 71.9145
-8.6048 -26.1307
54.0041 13.8742
-50.4783 10.7051
18.7608 -42.6698
-68.8057 -11.6114
89.166 25.5971
-9.2202 19.3028
14.0919 -34.44
9.57531 -8.50613
-32.0856 37.3829
14.0375 -47.9507
-24.3192 61.0585
50.0396 45.4202
-53.5849 32.2847
11.0445 -21.0708
42.3427 -19.3743
9.32951 -9.75065
6.83919 -137.294
-1.74298 -21.1628
-22.5379 28.1707
-21.6443 1.85735
18.3207 -33.7744
26.446 50.5846
-89.1645 -1.75072
12.3985 -4.2948
-89.7037 -7.65172
-40.1806 -15.0139
-20.8236 -24.9358
36.5537 20.4655
-14.2535 41.2671
58.1704 -38.0977
7.12924 4.46129
-85.2596 -1.96128
-25.3203 -21.0671
-27.4095 61.8295
-47.4556 0.610403
-9.08631 -23.3764
38.5741 -29.4807
-18.8489 10.1695
-25.6469 18.4356
19.792 -40.478
34.0159 -1.52937
-16.6047 -1.3125
39.5844 16.2274
38.1333 28.421
21.3746 -37.1713
45.141 20.6972
13.8633 7.92354
59.4123 -15.4093
57.8903 -23.8204
13.3057 -23.5686
10.5722 0.429396
28.8215 19.6808
35.6928 -19.1434
-8.20952 -26.8074
4.04572 -35.7662
33.8724 -55.7638
11.4141 54.5017
-25.086 -38.4327
43.5412 -0.0945778
-77.3028 -67.6891
-40.1193 -3.3443
-18.7457 -61.5429
39.1901 -34.4015
-26.3018 -6.48558
15.4463 -48.1006
-1.21624 -27.6943
-4.20913 47.7955
4.63925 -4.05233
-0.237598 -55.2369
11.976 -19.4118
-20.7812 -21.5556
-49.9699 25.6574
-10.4904 -88.1661
-22.4532 -45.0606
8.41468 -14.7808
-0.275029 -57.4895
-48.61 39.8841
-43.9579 21.1676
4.67422 -28.2675
93.8328 -26.8891
-25.3623 -11.5407
-12.6488 67.5829
-14.0747 -23.2036
-38.1025 31.5682
-38.4742 -37.7469
69.3854 55.0666
71.2687 56.1026
26.6218 65.1413
-56.4007 -17.4176
51.2351 87.7491
-39.9988 -59.2315
44.334 31.826
21.3814 -28.1271
-27.9775 -9.87216
-8.93155 -0.536645
-9.48745 -16.4239
-23.2882 -32.3811
-45.1576 -31.2139
-56.1471 -39.9968
5.52871 19.2349
-4.01019 77.0333
59.6396 32.3654
31.0088 -15.3265
27.9072 50.7787
-77.5043 -59.1533
-10.6477 85.6726
8.63505 15.9742
33.635 53.0374
-4.15881 26.235
43.97 7.92196
-76.8956 31.7832
-26.5642 -33.3383
1.96718 36.1471
-20.837 2.44987
25.7162 2.1009
28.9712 -3.59985
10.4604 17.7476
33.0735 30.2635
-4.94485 -24.8058
-39.025 -33.8682
-15.2129 35.5361
38.1936 -70.1159
-33.533 36.8309
44.8579 31.6539
10.3581 2.91424
-31.2367 5.29887
-5.83797 -22.4329
47.7079 34.9666
-1.28347 10.4261
75.883 5.11752
29.1495 -41.1068
-32.8176 -8.70306
66.9539 -8.3891
59.1058 -4.07198
71.9602 -27.5501
55.6316 -83.1711
-22.2692 2.65913
33.1559 22.1695
-0.913245 -39.6784
-3.26303 54.1588
-14.0757 -1.66326
-19.3048 11.6202
-50.0944 5.76726
26.8522 9.45726
-8.76779 47.4697
-16.6686 -4.73454
-34.726 35.0845
-57.9007 -37.4335
24.1004 -47.9399
-7.93121 1.33183
-2.09802 -10.8464
3.6484 -0.180224
4.82996 -0.821756
-47.5731 -22.2362
-17.8391 37.4257
43.0615 -24.5829
-24.6938 -5.58476
-5.22157 -30.2341
-29.6874 25.1793
-70.7591 -6.79098
-1.78691 29.0421
3.02675 19.0412
-19.1641 18.2085
-68.5258 -9.7979
2.13951 -68.0207
36.3231 -1.80801
88.5755 11.3083
-30.3065 -46.9958
0.470517 12.9916
-18.0967 -13.1565
25.1373 -0.30798
3.7881 -32.8196
-51.6172 67.7564
-35.3771 1.75302
58.4476 26.6971
-24.4525 2.29366
32.7715 -16.3314
-26.0923 11.5792
33.7919 15.2924
-50.525 -46.7405
11.4694 7.28072
22.0683 -27.8465
-12.2394 -41.0988
11.0406 -53.2429
-0.896327 15.9109
-3.25027 -44.2113
-40.1547 -16.6052
65.416 -42.7577
12.5755 -45.0903
54.7053 -51.5592
-56.7314 -10.4115
11.2593 -72.784
62.0178 20.4233
13.0285 -46.8692
-32.795 -13.4793
45.3808 20.9712
50.9257 28.3973
14.0873 -7.51071
34.1353 59.9735
35.2984 -1.30906
-9.05406 40.9084
9.00526 68.9517
48.7422 25.8259
9.05121 -15.9589
38.732 -6.80065
15.4798 -32.1855
2.31389 11.1418
15.5694 -53.7071
-74.1786 -9.17847
37.4882 -49.586
35.3435 35.0685
45.7414 -21.4148
3.3232 -5.03674
39.3211 22.1262
43.9989 -13.1153
10.9289 -26.5111
-41.0314 -68.8368
16.604 -32.3706
11.1378 3.16943
51.174 -17.2944
50.1545 21.446
19.4383 45.2536
2.47814 -15.854
-9.39197 58.1806
43.4088 -8.51504
-46.0379 0.675316
-42.7836 56.6368
-0.689495 -25.7282
-34.5951 2.50894
36.2299 -50.5323
15.567 -16.2116
13.9956 -1.56783
-74.9214 54.5702
-1.96984 19.8511
-5.40878 31.7366
84.0236 4.84758
-3.12341 -38.6211
-10.242 14.9856
-25.2794 -50.2174
-18.6889 -4.34227
23.6473 4.93003
11.8271 -33.5903
-36.804 11.2445
-55.4109 -27.8337
-9.81713 -22.5139
-45.4212 -28.4668
18.1042 1.4955
-4.73954 1.58302
-22.1672 -50.6262
-49.918 -18.0086
14.774 -3.30179
47.8754 -12.4901
-5.04266 -35.5097
46.978 -24.583
-27.4246 37.1937
11.5752 -16.8821
-30.9642 6.77001
23.3174 -19.6698
-20.8017 -19.7725
-113.144 62.6053
26.2349 -86.5312
-35.4123 44.7563
-32.3025 -7.9916
39.9743 12.9993
19.7217 2.34215
-0.747513 0.0966053
-39.8307 -47.1496
16.6152 6.69131
26.6843 -16.5126
-18.143 5.08163
-9.599 42.5364
28.2454 -14.7489
36.0794 12.1753
19.7316 27.1032
33.2015 -25.7153
32.666 -15.3406
59.2317 71.9877
22.0952 -43.9574
37.7598 -28.8857
34.3087 -40.8846
-16.5643 -7.13352
-25.59 -18.0484
-36.1403 57.4947
-1.34222 46.2075
-67.3793 18.2338
-11.8262 -9.18834
29.0257 -0.514472
-25.1705 -61.7086
23.7223 17.7725
-60.5211 -22.4983
46.6073 -34.4527
-36.2848 -6.33161
9.70043 7.10084
-1.24767 -34.0633
-18.66 -49.4187
6.95046 -0.648098
4.05163 -34.2318
16.4972 63.1803
21.3376 -25.7495
-4.64533 52.4207
-1.56281 -32.7896
-11.9954 -80.0154
64.2692 -40.4978
-2.72892 -74.2259
-32.0636 -27.9724
-18.712 57.5846
-3.02655 -18.7971
63.2886 9.2704
14.2335 -56.5384
-19.7925 -13.8127
-37.8501 26.7339
70.149 -21.9756
-21.1314 69.0204
9.55202 17.194
-7.37286 52.9391
13.8062 14.9625
-51.6455 -52.9822
-7.8563 18.4109
-29.0787 -1.45953
-31.58 28.9309
-74.217 14.4175
29.2909 27.0652
-20.2023 -57.0244
-39.5745 -0.735353
-72.3602 -64.7
-2.51282 23.9597
106.949 -86.6763
0.109809 -49.995
51.6439 -13.8963
-25.5492 13.3875
1.53447 -41.3818
39.2879 -36.3171
-33.7536 46.5533
-34.1378 24.696
36.3565 4.6413
29.1534 9.55842
2.06426 25.8014
28.3704 -27.5793
-26.1074 -28.268
-25.0315 112.742
11.8264 12.3717
-2.01287 65.0132
14.8047 3.9966
-53.9708 -8.19364
-4.93798 -71.754
13.3704 8.03513
8.46496 -6.70386
-8.90656 -5.55568
-29.1897 78.9934
-5.03234 9.66461
-5.35655 -39.4742
-14.2913 -57.5334
24.8307 -30.7256
42.0128 12.4676
86.5455 -11.3093
29.5667 71.0005
-4.28947 -18.9895
-29.9063 37.6621
51.4263 23.9315
76.6359 18.7351
-2.33965 27.8134
26.1938 1.11494
35.5495 39.356
-15.1418 10.7185
32.7762 49.1171
-22.559 6.53904
-22.525 -36.3548
20.2396 -47.8937
42.2741 40.8745
1.73802 50.5932
29.9629 -32.0402
7.82404 -40.0206
29.917 56.46
-33.8927 19.4499
16.059 -9.41482
22.7054 5.50207
-91.2939 -45.7034
21.8567 -33.9359
17.4581 -8.87535
-50.756 29.5234
47.9278 14.7911
-54.7441 -35.6241
4.36108 -15.9629
31.8067 31.0591
-40.8006 40.9054
-20.1402 -42.4798
18.9319 -49.2066
25.1208 -15.6576
20.1905 -18.0641
31.2247 -51.4649
-35.3377 -39.5766
-0.677437 -12.922
53.2175 5.52728
65.7041 16.9187
26.7797 16.7858
14.277 4.72628
-3.40281 -18.1028
-106.363 -18.0244
-1.93943 -38.0187
34.3184 -17.9162
57.259 -19.7126
-36.8131 9.79198
-35.6009 -18.3155
4.58726 -11.0559
32.6228 36.2362
-29.4768 12.3046
23.8678 3.19221
-37.5843 17.6292
-4.89239 8.0776
-25.5566 11.3072
-18.6484 -21.1272
-25.9841 -36.117
-45.1585 -14.5136
-9.3876 -14.5843
30.3968 -58.5836
-27.9489 32.204
-34.3634 58.7112
76.2117 -130.245
-18.0028 -37.1518
-57.4265 39.3581
33.0368 22.8435
6.5211 22.7718
27.8755 -55.5781
40.0539 -13.0618
-13.8685 -16.8598
-7.19133 -31.4937
-3.81956 48.2824
29.5981 -20.0056
-16.0875 13.8984
-50.9049 4.91963
15.9012 18.4348
1.20884 -41.0208
51.2733 -59.1674
-5.70273 1.07832
-4.88793 -58.8236
-38.8822 38.6876
20.9918 -76.4906
114.485 -33.6869
29.0797 0.952635
76.8801 -84.8826
-20.7277 -22.6448
-36.0252 -9.55645
-45.6579 50.6855
-20.8308 13.0306
-9.66222 30.1386
-9.69764 -22.5147
-34.7115 -61.9387
-56.3544 -3.76605
-86.7774 -88.8802
35.4203 -35.052
-41.21 -14.0494
8.98979 -27.5674
-3.59023 -27.2476
-88.5927 24.8367
-5.14189 21.3962
54.0903 -28.4582
46.2849 45.5255
72.5066 -1.92068
12.6146 22.758
23.1771 -18.5694
10.9599 24.4632
0.0673175 -3.72506
13.7129 -6.98254
-37.941 40.6131
89.5974 68.3476
-13.1295 -29.3649
21.1419 2.15709
29.856 -54.5588
45.4579 10.6974
12.1846 0.3174
-34.9714 -10.5336
-53.2067 21.6625
25.0203 3.02075
109.433 4.23251
31.5317 12.5348
19.342 10.9308
41.435 0.196341
8.14093 -23.9317
7.4113 -33.9951
-11.0778 72.3464
-14.6089 -119.601
-16.3831 -12.2065
-7.99054 -17.7144
-44.4787 -43.2244
31.2824 34.221
18.8099 38.0076
-27.0674 18.7721
-31.9149 21.8341
20.9438 -58.9622
-10.9182 52.2771
7.01025 -87.3344
1.04763 40.9815
-3.87953 21.6629
22.8664 -26.5813
-47.7478 21.3208
11.5945 -2.47779
6.57015 30.2299
-44.2292 26.0635
16.6451 -20.4702
41.3304 10.1713
-16.9917 32.5693
10.8001 1.79141
19.5198 -40.4566
6.19827 28.4984
-37.154 -6.69506
-37.4389 -30.3791
-7.14212 34.201
-19.1328 -32.3635
22.2799 1.625
-22.8318 -92.0064
-7.0452 -43.4321
-30.2111 5.39934
1.03765 30.7471
-40.3084 41.0248
-18.785 17.4747
25.7771 -29.9666
-32.3946 10.9944
-1.54413 -22.8948
12.8596 -13.0769
-57.2083 -29.0795
-19.6417 42.1149
-64.8741 20.3784
5.33401 97.9655
32.0844 20.2325
-0.240407 -30.2542
-67.7074 27.778
41.7678 60.8695
28.6923 -7.86107
-17.7119 -42.4968
-38.0169 -57.6129
-0.378982 29.1281
21.5711 -5.7196
1.75429 -19.8599
-20.2474 -56.611
-38.1021 -35.6104
-5.78021 15.7892
-60.9102 57.1223
47.1672 7.65387
-29.6249 1.10106
-29.4199 -90.9676
18.7934 52.4664
14.7937 37.6564
-35.5059 16.0055
-34.0862 50.6816
-29.9439 -36.0275
-35.3393 -38.4876
-47.6338 12.5916
26.06 -1.56208
7.77762 -34.9555
42.8729 36.626
15.1911 -30.9568
15.7366 -9.64437
1.49047 -31.7802
-16.8034 -11.4716
-92.7229 21.9902
51.7917 -18.1565
-12.3963 -50.7831
12.8563 -31.9531
-56.6242 -36.0429
8.75135 53.8556
25.7824 -17.4616
-6.85518 64.7964
45.1463 17.2574
51.3225 -17.1939
7.06121 3.18957
-89.7771 0.12625
68.91 -11.3203
60.0798 49.2943
14.0126 18.9159
60.6576 -66.8085
-43.2014 64.9354
-29.0204 -5.8481
-10.6754 -46.5168
-5.56592 -31.9075
-2.45918 78.3421
8.48709 56.8023
-86.9089 47.2407
-31.1409 -26.1408
-10.3 57.0858
-57.5271 -8.11082
19.3823 39.1078
41.8029 -15.7632
26.4341 -18.4775
-6.54301 -47.3557
-15.7554 84.715
25.49 22.5734
-89.0493 21.2805
-25.7109 -13.8726
26.3464 0.270096
15.4747 48.2444
36.7508 -0.394135
-20.8804 -14.8732
-18.6893 60.0484
-24.3647 -4.32911
72.493 20.9351
-39.9169 -0.809238
64.2649 55.0944
15.2431 -1.52539
-9.21254 -9.41341
17.9688 -7.86994
5.65528 17.8346
-28.4758 34.2225
78.2038 20.1468
0.145237 4.16722
52.4604 -26.9904
45.6929 23.6299
10.1407 11.9826
-17.4325 -52.5704
46.2319 -67.0869
-3.57209 4.84058
12.1263 4.46981
-29.3955 54.3026
-50.2612 -5.4864
-58.5981 37.9791
-9.55727 -1.99956
-28.3887 50.3424
-71.1804 15.6256
96.1461 44.3891
5.05214 -5.07565
43.8164 -29.3186
-43.0178 10.7325
67.0575 -64.628
-37.7077 7.01469
-17.8642 27.8611
7.87072 66.9065
-18.4518 52.6862
57.8649 -44.1595
18.4872 -27.9131
8.42599 -16.5225
36.5433 -69.8236
-59.8194 47.7707
-24.9902 86.1767
19.5306 -53.7063
22.0324 54.5001
-15.7833 -19.3657
-17.9244 26.3115
27.2434 -54.6061
-9.26827 79.4348
21.9371 13.9653
-19.3007 -82.8516
-1.67282 136.128
-31.0284 5.78916
20.4807 -5.73813
14.7443 -118.827
-31.1835 22.3897
-11.011 33.8566
-24.8919 -1.46681
21.3471 -5.68796
44.6937 10.3373
13.6618 11.919
13.8806 -73.8448
-5.47963 -36.0457
41.8074 14.7033
3.76798 4.18403
-43.3978 3.62122
15.1992 -30.1282
-6.33042 44.3741
-9.32001 54.6405
-11.3694 -28.1024
-32.3511 -86.8803
26.5284 55.3605
78.6996 -65.6727
-13.2677 31.9221
51.1264 -25.275
-34.7632 -0.507861
7.33814 -63.9428
23.5506 65.7446
-48.3796 -53.7861
43.2918 -37.9737
15.2735 76.9333
-41.0618 -63.1784
32.2583 14.9056
27.4705 4.04781
37.838 -14.2144
-46.482 5.33667
39.2836 47.0199
-12.9397 28.0877
-30.457 79.7301
24.9612 44.7806
48.0565 10.6181
30.7149 -11.3327
-12.8956 -9.71973
-5.15005 -65.6263
34.3241 -3.00377
-40.4932 -15.8312
-6.83285 17.0234
22.3224 19.4545
58.1351 -53.6256
0.103727 -13.5593
-12.838 6.98412
30.9858 -22.4322
-51.6575 -58.0667
-3.76885 -5.06078
17.7253 -54.2812
-18.665 59.5815
13.2908 -16.1385
-18.5806 5.87596
-39.7709 85.8472
31.6823 32.4628
18.9519 47.2888
28.3094 -22.7171
40.3139 24.7702
36.6516 -17.8222
26.2069 73.4238
-19.5546 68.3796
49.4482 -25.5352
25.9866 -31.0137
-60.5399 22.1016
77.6171 -7.4295
26.2605 22.2293
-23.3357 -38.8161
-0.978194 31.0474
-92.5245 -1.70801
-23.8229 -12.2137
-11.0003 -66.5617
-17.4054 26.5453
-16.309 -25.6752
71.9759 -15.2495
-124.838 -6.97759
1.01431 10.7826
48.3082 -37.6372
-33.8079 -33.5188
3.04296 -8.74255
39.2315 46.4176
33.3379 -2.44226
-1.282 71.6532
75.1161 69.9563
-106.848 3.06713
-3.23372 -22.7616
-39.7243 21.2842
-25.748 -38.77
39.668 30.202
-39.2638 -9.18547
-15.8505 -79.2205
11.2737 73.7785
49.1629 1.50293
20.7557 42.4106
30.9368 -28.9471
6.08924 31.46
27.1751 67.8451
-20.5819 -42.7062
-12.2942 -33.4866
-16.5356 41.4335
-88.4043 13.2397
10.5232 -29.3592
42.1691 13.1445
46.5991 -60.0169
60.2484 -25.5848
-15.0032 4.84168
-32.1694 -10.8336
-24.2481 86.06
-30.1384 -75.8912
12.6818 77.7461
-28.7377 -21.39
44.8317 -2.65567
3.68928 3.81495
-28.9214 0.318043
2.44433 41.6206
-15.7484 12.7655
-41.6096 -23.971
19.5756 24.1933
-17.1148 35.3221
-5.51614 13.2656
11.9409 25.9077
-50.3384 -23.1536
20.991 -13.8621
-30.4353 4.95827
16.5604 8.93845
14.9726 32.5253
-10.3806 -5.79775
-7.21559 12.1065
-27.3768 -101.255
27.3733 -10.2417
3.96204 -68.5272
-35.6607 7.47013
12.1541 14.7547
-56.3021 -3.51097
-36.2582 -73.5397
0.0988607 -10.3399
-30.1428 -23.1953
-18.6659 -5.46644
45.2737 14.1686
-23.7032 47.4772
-54.5436 -1.31099
43.1181 58.1086
24.2422 -4.26262
1.69876 15.5293
55.7677 59.1775
-25.1113 45.613
-76.8873 98.6429
-18.2902 57.8975
-15.4876 27.3326
-18.7529 -16.3288
-49.1556 59.8578
-12.4851 40.9997
36.7113 83.4589
24.6265 -56.6854
-7.97879 -19.7339
20.7801 1.16898
7.64789 36.7647
-12.9938 -27.9134
-23.2826 -26.0597
-35.2429 -29.6125
-26.2137 -10.9499
-22.0182 24.1826
40.9785 -44.4895
14.7949 -23.9318
-40.6173 -65.9825
11.8494 -12.9843
-26.2281 25.5108
-54.1313 -9.81139
-3.42363 -42.4967
19.8765 25.3851
2.56255 -15.3005
-4.27941 46.7743
-45.5074 -47.089
-37.9982 24.5424
-22.8247 -9.43119
-44.3781 -13.3687
-63.4122 -3.49897
11.3057 -12.5641
31.9976 53.6471
-7.58971 -31.8001
-2.73377 35.3681
-50.843 56.6942
-0.75183 60.2808
-35.0737 -31.5189
5.11023 -8.30955
39.624 14.9975
-31.1082 -40.0135
-16.5429 -12.4432
-28.9055 1.91949
47.1921 0.585883
12.1957 38.8828
-24.6541 -22.5866
2.33308 34.3119
-51.1936 -21.0543
23.1871 49.9158
-100.241 8.52301
-24.7011 47.7648
0.499998 -23.6425
-22.8048 -14.4356
43.2948 -31.3274
2.56954 -17.032
35.9288 33.8053
-34.5074 -39.6793
10.9263 30.7298
17.7831 -65.7858
-30.5755 4.90926
-11.3988 -13.5182
-45.6149 -91.4059
-33.6662 52.0818
21.5675 -19.9267
-14.8824 20.3753
-59.5267 42.2303
4.85124 32.4301
13.9777 -13.1768
46.9865 -8.27003
-20.4336 -4.82029
-21.1629 71.4603
16.6422 -22.0566
-12.2851 23.6194
-0.352641 -34.8482
64.6553 -51.8383
3.97037 8.38673
-1.72 22.302
2.66474 30.6615
-22.9467 -32.3902
-39.5011 -36.3148
-19.0845 63.6297
16.7298 45.1005
-55.8664 -11.3156
-13.5482 -7.91773
12.3751 -18.7506
-13.5757 -68.6824
35.5411 -11.343
-2.89168 15.0567
-29.0391 -13.0601
0.512987 28.0504
-12.8755 44.0172
4.4733 1.70186
-4.58251 -32.4803
-50.3136 2.91433
40.1246 3.17158
18.1478 -18.8814
-32.2876 -19.7209
2.05082 -6.59301
10.2551 67.5047
-18.4494 16.0265
-49.1893 7.28257
-27.9931 -4.34348
-11.5295 19.2445
49.2313 36.8106
16.3093 -10.568
-2.42949 -11.4158
48.7707 -28.0143
25.2512 -10.692
-39.6963 24.8683
-42.7115 55.7616
35.0785 14.0143
30.4129 -21.5318
-13.2917 -27.4629
-1.65357 1.29798
24.4719 -15.9966
25.1546 -38.6897
17.6403 37.1359
0.856291 -29.7657
-48.414 46.2007
-6.50774 -2.53697
-56.7887 56.3665
43.9636 35.7266
-28.3864 26.6353
-16.5371 -101.845
-1.83224 -3.40765
-3.24429 -27.4144
0.321092 11.4945
-3.32739 66.0258
15.8458 78.6854
16.8039 41.9169
-31.1891 55.8783
38.5829 -39.3754
11.9048 -24.5762
26.824 45.0587
9.64348 22.5763
40.633 -28.017
55.7958 -53.566
49.0434 -33.9018
-3.67997 -25.1388
-89.1654 -14.5045
-27.5636 -42.966
-50.6521 1.95621
23.6382 -4.48909
48.7793 -84.1226
39.2457 66.7949
-44.3982 16.9697
-24.9437 36.3319
78.1123 15.0899
41.9251 -82.722
5.49073 25.487
26.4955 22.5681
22.7446 11.8431
42.1682 -12.6618
8.29734 -33.3585
-44.7225 -57.3589
-4.57171 44.5649
41.1646 54.9171
22.6842 -15.2149
-24.4815 43.5915
-15.7891 4.64804
-37.4865 58.75
-6.42324 50.5378
-12.384 -24.1415
-28.2047 -3.94487
16.0469 -32.2915
-2.54521 49.1533
63.0174 -22.8051
-27.9657 -11.659
-72.5729 -37.9169
14.0679 -42.4681
-5.30865 42.831
-15.5371 10.6153
12.3338 -15.966
57.4823 -7.02049
-30.9796 11.1864
39.2947 9.40238
-16.5315 -7.25935
-1.63737 59.938
-43.5833 10.7923
85.6053 61.6033
-93.846 -10.3537
-22.5222 52.4237
-34.4752 63.4748
80.8049 55.2755
50.9838 16.5568
9.14304 6.55019
39.9149 -37.4383
-32.1817 31.6746
-5.12542 26.0981
-13.8362 -33.4727
-12.2594 12.0962
-45.6328 -45.6642
8.67385 -40.6081
-31.9149 6.18905
-21.5347 -19.4809
18.3137 25.9771
-67.775 -93.61
-9.51268 19.7366
-24.9913 -28.4486
-48.54 -51.0579
-15.4868 42.8653
-40.3419 -68.5283
-3.13382 -35.7264
26.6282 -15.2955
-11.4796 -36.7348
10.0417 10.8956
11.8212 -36.8
44.1844 42.8708
-20.5761 -10.7765
-26.2433 84.0668
-29.5971 -77.9914
15.5513 -74.8053
-13.4918 52.972
47.5152 -22.6989
-15.9225 -21.9837
5.24678 -80.3086
38.1321 7.80616
-22.9265 28.5732
-28.1908 -39.1219
17.1084 38.6555
-25.977 -10.9782
-41.1083 48.3606
-58.0896 21.1162
34.364 3.30366
-37.1499 15.9585
-32.7411 52.7474
59.917 -27.0989
-6.01885 47.213
16.2478 66.642
24.2319 8.2117
22.7434 -45.9748
-39.2587 -94.5176
24.444 -20.9093
-49.0418 4.65968
37.6493 -78.8399
-75.3459 -17.5971
-37.9283 25.853
20.2338 37.3141
21.2929 -14.3314
-29.8452 3.57073
70.9374 55.0814
8.52096 -10.4551
-21.5653 83.7988
-31.7791 -17.2424
52.6538 -25.8771
-75.3594 -44.2308
-19.5006 -8.34224
46.3001 -90.2817
-1.77091 32.2765
-10.839 -33.7459
-20.9935 -40.8542
-46.0434 -17.5571
-60.9182 -78.2513
40.3994 -19.4634
17.7045 83.2046
6.91569 49.0311
32.8389 -35.4698
-18.8737 -33.2307
39.099 -29.4248
28.3737 -3.20837
0.310974 -62.269
37.7274 8.86938
-28.4772 -36.2408
-37.4387 62.287
-22.1408 -2.27526
66.1767 -37.2347
21.8852 11.7223
40.7804 -54.4853
-28.6246 48.7277
7.17231 18.6366
18.6784 -62.5526
-47.021 -51.1749
-56.8993 17.0992
7.78862 -8.46364
5.77052 -19.7577
20.3586 -47.1751
39.179 -12.3946
11.3387 -26.7863
37.5189 19.7811
-24.1586 94.305
-14.7741 -36.5889
62.7659 59.3212
5.52644 30.9767
-62.3561 37.106
-33.3283 33.1482
5.807 -20.197
-24.5424 -0.638206
-1.11917 13.7086
-58.834 -4.10661
64.2428 -40.672
22.3103 7.04904
58.2865 -40.4902
-3.90675 -104.217
5.7713 -10.6681
26.8847 46.1759
-7.43782 -31.4828
50.4524 23.5401
1.5848 14.1115
-24.052 -40.5039
-18.0251 120.763
-65.0112 0.0667076
-27.688 -72.9325
-30.3642 -25.2085
-59.1577 13.0762
-67.715 -24.0113
-19.2467 35.7021
-4.19604 -39.4869
79.4796 -25.1879
7.7689 -12.7265
-55.382 66.4306
-26.0405 21.7913
14.5677 19.152
38.2379 -33.4568
-69.0078 8.47547
20.9073 -32.0149
-38.2655 -62.0031
10.9049 17.7828
15.6545 -34.1774
62.6995 -30.7982
-70.898 -1.94463
62.7068 -18.3379
39.1106 -41.3065
-1.28115 -31.0447
40.1917 -14.6518
-25.3252 -32.0902
35.2708 3.25806
-4.77452 16.5052
51.6835 -66.5411
-64.2172 24.3456
-11.1176 3.24784
-14.2856 -10.72
-47.721 -108.57
15.4521 8.389
-66.3578 -14.2825
-20.9005 9.30241
32.0634 13.9258
49.1198 17.2489
-2.66247 6.68911
-12.7263 19.0905
92.7865 77.8702
-60.1842 -38.1948
-12.8566 -39.4046
26.1212 26.669
-10.3647 -12.9427
-25.6132 5.87282
21.423 -11.9921
-79.4741 -37.9166
24.5592 9.69251
7.50385 2.52772
5.72684 -27.1968
10.1492 -12.0812
-8.23019 2.20306
38.5071 7.60283
-53.3624 43.7607
-31.0008 21.1714
-42.5815 -10.1966
13.1021 -39.3057
40.4605 36.7397
48.1128 -66.5257
-9.15177 -28.5087
52.0114 42.0264
1.72616 11.2278
-24.8995 -66.4565
43.7686 19.4174
-33.7968 15.0727
11.5425 25.0817
-47.5514 34.8424
-74.8565 86.2461
20.8356 -46.912
18.9836 -20.8514
18.2999 -22.4157
-40.1315 8.74467
36.1389 18.07
-4.67917 -48.6536
31.9373 39.8334
23.3939 43.604
13.5622 35.3873
30.3171 4.35836
44.3022 46.7553
2.9166 0.949513
-45.5278 -23.7503
27.7172 14.7437
-20.2522 27.9377
35.9449 53.0923
-63.7125 -46.5849
-53.5356 0.567344
-19.9799 -49.0805
-1.49565 -55.0905
-18.2485 -24.9773
-38.9577 -6.23919
7.34661 -13.1358
-6.31769 9.6686
-7.09754 -51.5462
-45.8614 -21.9467
-54.8287 39.1429
-23.439 47.6537
7.47324 -10.473
-21.5293 17.8163
-49.7053 68.1588
-58.0701 -43.1535
-51.7068 70.195
-38.6858 -3.35653
3.95989 1.76143
-5.7377 7.64734
64.8249 6.93155
-6.64867 -17.3907
-14.9605 -28.7084
51.1869 31.5434
51.3843 -21.9448
6.87807 60.5772
7.10082 -28.6176
0.130286 -2.4591
-26.5502 -29.3342
-55.1827 -7.53109
40.6627 -30.3013
-21.9154 -67.7462
6.19399 55.0646
-3.43104 4.10251
32.3435 -61.7932
59.3782 3.58664
40.1281 -69.183
-10.0113 5.80245
11.1993 66.897
61.7983 8.49738
-51.0437 -64.5025
39.1493 28.8719
-27.6929 -1.60168
-24.2597 44.8651
-8.97687 -22.4997
-9.18639 5.72052
30.1663 -38.443
-34.6373 -15.9646
5.93012 23.1512
12.4966 -5.55842
91.6045 9.05918
33.9243 107.634
6.77381 74.2072
36.6281 -3.85761
16.7797 -14.7248
30.5112 27.1967
-30.3231 -32.9735
26.4523 -43.5434
17.3858 -3.89258
58.5664 14.8506
15.293 -12.9966
20.8175 -38.1649
-5.60653 -33.3349
38.5604 -20.9476
25.6811 40.1971
-26.5255 -3.91414
-19.9991 -27.3103
22.2542 -7.35227
-4.58795 -12.1761
-11.8592 -31.6637
59.2532 -54.3776
-27.7174 40.8224
11.8836 102.357
11.0571 43.183
-7.8968 16.2907
-14.0577 -35.2594
11.6244 -10.8116
2.04978 60.4034
-13.6449 -47.2773
-14.4529 42.5827
35.1688 -75.1382
-10.652 17.3642
34.0818 -24.7585
43.2067 24.3494
-1.68424 2.36397
19.9511 13.6842
15.0666 2.71871
28.6639 85.499
63.632 -11.5287
-67.1313 -3.28499
15.731 -15.2393
81.9566 14.1428
41.5084 -35.0064
-37.7376 -70.4471
-5.91511 5.42363
-24.3368 41.0952
-47.8031 74.917
-57.9563 -6.07631
17.096 16.2154
21.9837 6.00696
-46.2425 -17.808
37.7293 -8.77099
73.8312 37.8593
-58.1252 -67.9574
9.20673 -28.2202
-5.48935 -34.2515
-60.7445 -15.2724
47.0645 3.2287
56.1589 -7.26182
13.2663 -32.9035
0.0231276 35.5682
-15.8873 -45.3628
39.8649 5.98394
-49.2598 22.2964
-12.5926 -41.1851
-4.69023 38.0209
37.3815 -40.6242
-20.2186 14.5941
2.27946 33.3227
-34.6813 -16.2377
-8.11226 17.2108
-15.1552 -9.35218
9.5093 -12.1787
-33.2296 6.51952
-8.41983 -9.4828
31.9968 -42.4821
-13.5049 45.5293
-3.90659 -20.1523
13.9083 -17.6145
41.9834 -35.6787
54.7075 -12.8918
-14.2563 39.6634
-37.1264 9.87586
46.037 -24.871
38.1423 -5.06346
-26.2355 -20.3846
-88.1834 44.1134
6.44316 39.0161
53.0988 12.7832
-42.9466 8.5428
37.1669 -55.8391
-36.0672 10.5578
30.0738 -23.5289
24.2064 88.882
15.3219 35.9813
18.4792 40.7525
-42.1634 13.4307
-41.8341 -28.6269
-65.9356 -39.549
-5.14386 -9.57242
10.2186 65.3907
-20.6769 -9.48667
-36.6853 -25.4487
-3.49341 -22.4669
93.2376 -47.1198
7.58842 -34.1574
26.7408 5.78805
29.7692 77.8174
1.88122 -72.7257
34.6996 -53.4862
-26.4748 -44.71
10.9854 -0.140474
37.4594 17.8404
-14.6147 -31.331
-60.2863 -17.8256
8.7275 -1.74459
-44.5741 22.5
83.3409 47.4406
1.06214 -6.2665
-0.718238 11.3308
29.4617 -108.735
-21.8283 54.9552
17.6686 -56.6696
-17.8346 -52.0091
-43.0984 1.47806
18.2143 -28.4216
10.975 -27.9474
-17.3147 -6.27421
-62.9002 -26.812
26.7713 22.8937
-8.97354 -93.7573
-85.8452 36.4717
28.3516 -25.674
11.7733 -9.41344
-46.5614 20.3997
-28.3905 50.7185
17.1258 -34.0545
-10.3739 -15.9498
-30.5342 -7.81667
66.0523 -1.36376
-13.37 -17.2303
73.9551 8.86163
-20.3411 0.961073
-1.70006 -59.749
-2.30109 -32.4518
26.4405 46.5735
-40.0248 5.75949
38.5968 -36.3752
-5.74651 -23.652
-26.4302 23.2861
6.96743 7.75722
3.80424 -31.9064
-22.7801 -5.21336
68.324 43.4517
83.9493 19.5211
-4.20509 57.1243
-45.2871 7.512
-17.984 5.21084
10.1298 -43.9813
4.8567 -17.6524
10.4485 26.846
-1.25534 15.3593
53.9832 21.2284
22.1298 47.2196
-18.2707 71.8279
-18.1676 -23.6182
-25.1385 -14.6831
-32.3839 102.074
-2.54826 0.687223
41.6771 6.85062
-74.3478 18.6668
-9.05637 72.8383
18.3409 64.2455
18.5008 58.1282
-17.6489 23.3692
-25.2604 44.8348
-7.77892 -38.09
-15.5906 2.60672
24.105 -43.8445
0.558886 31.2548
3.37121 -38.3227
-31.8587 20.2436
-40.2973 -58.2102
-1.29874 48.118
-15.8311 -38.1188
10.2455 52.5403
-2.68718 38.0975
-24.9456 -59.3844
-66.7371 16.4161
-33.7931 14.1916
28.1499 24.999
10.3655 -30.0686
-53.8237 10.9384
5.08624 -6.88721
0.576575 26.6547
-5.01063 -24.8426
-3.35037 -38.9683
-42.4209 28.0939
32.9965 -59.8566
34.8087 72.556
-41.904 0.311387
35.5821 31.7232
39.4261 21.6818
10.3585 -4.63197
14.6471 -5.7912
-46.1865 4.6625
24.388 -27.6769
31.8307 58.2046
-39.2634 25.1406
15.2029 12.2235
-4.51533 -73.7329
-6.63407 87.93
-66.0244 -36.8197
8.21181 -13.1785
14.1584 -49.5572
10.1813 8.35334
15.7233 23.808
-40.1681 -1.22899
45.8713 7.63936
2.50952 -1.72291
32.0986 1.31842
-38.1598 29.1742
-97.0387 -44.0918
53.9942 -37.4311
-28.0485 -5.38095
5.20347 10.1759
-25.5789 -77.6564
-23.667 20.4231
13.4194 -34.846
79.9871 -5.78266
4.66477 33.093
-3.06359 7.98314
-0.989008 21.4778
-27.4435 20.129
63.3031 6.9696
6.75435 -61.5989
-91.1822 57.0768
-54.8407 -8.397
32.2421 67.9747
-54.8921 -61.7835
13.4208 5.53804
-27.3474 20.0041
16.0967 -23.8189
36.9466 24.1982
-30.8885 -18.2461
-68.9312 -38.5588
-36.2389 -47.2545
15.0342 23.3956
14.542 -52.7904
-4.29684 26.273
3.03218 41.8627
53.2176 40.5737
28.9496 -46.4903
-6.99059 -22.712
-23.6746 -10.1152
0.751637 -51.6811
-6.93549 -26.2848
-18.0428 -34.9101
34.0364 -62.9418
-14.942 -45.9269
-40.375 -1.55977
-45.3397 33.0194
-12.5106 72.6933
51.702 -20.1263
71.7736 -11.3736
60.1531 2.93218
30.7406 29.9451
12.8115 -92.4101
35.4722 45.7376
55.0682 100.208
-12.5789 79.9297
75.0741 21.1179
46.948 28.8656
17.3747 -26.8976
-33.8676 -27.4883
129.432 17.0665
-83.4841 24.2459
-25.8979 -1.92059
27.7769 47.0247
-27.8101 20.1704
-78.6663 -13.0564
9.87714 -38.0827
-28.2939 18.7979
-15.8353 -24.2098
-69.7293 1.27905
2.76793 -62.8814
25.2565 -59.208
-32.5725 -10.9978
-32.8398 -18.6553
26.8926 -33.7367
24.9254 -4.73232
39.7334 -2.84125
-51.0311 -14.047
-20.354 -26.3474
-63.6076 17.4065
4.42522 -24.4564
-29.7938 18.1225
71.2083 5.03078
72.8243 48.295
-36.364 -58.4757
-27.473 40.4963
-22.8696 -18.5673
-28.9143 -18.6463
14.6254 59.9949
20.6604 24.4489
-16.1412 22.7412
7.14059 28.3211
-5.62245 -41.6929
-18.402 12.5333
-52.9818 -11.1489
12.5407 -74.9188
-15.3538 22.8508
-4.06864 -51.9792
-35.5216 -44.0533
-6.99921 31.315
2.45692 21.9107
3.12529 -13.7372
-30.5582 18.6736
49.2132 1.94615
-70.5164 3.69161
-6.70403 34.4763
37.7142 78.5984
5.49668 41.7508
42.2631 7.9803
28.8669 -11.9085
-38.8792 5.68593
-1.93772 -67.6677
-20.0112 -43.8801
-43.2682 -22.6177
8.8582 15.7041
-3.19557 66.7088
-12.0216 33.3416
32.8387 64.8665
-102.837 27.9793
8.672 -33.2516
-28.349 -63.041
45.164 -10.2686
6.6962 -1.44743
-20.929 -15.4701
-53.4691 -47.2023
-87.9583 -31.6319
-39.4446 29.2862
22.0493 -26.5429
32.6697 13.4108
8.41067 20.9286
18.1515 82.4706
28.6185 -26.3255
-40.3328 42.7402
-74.2606 -1.33473
27.5619 12.5838
0.764485 51.2048
42.253 -102.915
-30.8111 -34.942
30.9854 26.3692
-28.9924 -35.7151
9.68639 -52.3881
37.536 -41.1737
-9.18675 -73.5812
16.5127 -3.09295
23.3192 45.9698
13.3338 -19.4905
-19.3716 -9.32545
30.8388 30.4424
-33.7143 6.20658
97.679 -2.84609
-10.8353 51.9196
-15.531 40.8673
30.6506 -49.7036
-30.6945 -40.8685
-63.5675 10.3206
38.1168 1.15115
-89.2944 32.1484
62.6448 40.506
-3.03459 -40.1312
6.89377 16.4546
8.63037 9.68062
84.0546 -1.7861
-43.231 27.3552
-2.23748 -106.636
-1.55889 -5.95986
-18.6674 -25.1166
-23.7127 -25.3438
12.3033 8.2056
-11.6978 -46.8886
50.3576 7.9659
-49.6249 4.25377
-18.6305 -60.0466
7.05889 19.8931
1.28165 61.3754
-8.12033 -12.8963
-120.272 -3.39737
58.1365 -29.2795
-53.9683 63.4193
-54.3503 -18.2221
-55.2939 7.49092
-27.3926 -43.5127
7.45848 -23.3378
12.5389 16.5645
-66.2008 -21.1903
-14.3615 8.3776
-24.0733 -29.7322
70.1183 -28.2232
50.8141 -17.1497
17.2888 35.9017
59.4554 7.70579
25.2186 -17.9416
23.0926 -49.2713
11.9315 110.747
-2.10125 -38.4567
42.197 -29.8011
9.33476 73.7938
63.7835 -2.80641
-38.7238 64.3088
-1.50743 -2.3968
46.7731 0.629109
19.5698 -17.0213
30.886 -21.1106
-28.9433 54.669
83.0049 -8.84067
12.7176 -41.1343
27.5829 -28.1119
-3.6524 48.4946
-48.0139 10.7344
6.81669 -5.56346
-15.992 11.1898
55.7519 -30.0058
15.9679 -103.648
39.4807 28.7635
-13.1909 -73.6504
48.2392 -10.3241
8.1759 -1.70796
48.2586 -6.83797
-3.18296 -59.1678
66.3136 -19.3158
-57.7407 36.8284
-69.1404 -94.3227
17.6686 29.3011
-2.96714 35.112
-42.0068 -28.1196
9.75895 8.33788
-30.5072 3.51007
-33.4331 -44.9496
-24.4935 -27.5524
-7.27799 22.9133
-47.9489 7.14055
14.5618 33.8657
-29.0531 -44.9731
17.2043 -55.7576
-23.4457 -10.5409
24.2358 30.4172
-9.08535 -4.4946
31.8704 12.6356
-22.5842 5.24802
2.84044 24.0234
-65.6884 -11.6776
-4.32709 -19.9672
49.2893 -64.994
10.7514 2.70189
14.3321 9.25144
68.7483 -19.6399
15.8741 -42.3037
-20.9283 42.488
-43.8622 -12.3076
-39.7266 59.9004
-14.3858 -57.6342
4.92416 43.1043
73.7394 39.2362
-7.95505 47.1059
14.5956 -61.6653
21.2074 13.1052
14.0779 -45.0978
-10.6076 -20.9753
2.00683 41.4571
-6.32325 -11.3885
20.178 30.3669
53.3222 13.4437
51.6719 -58.1226
33.9749 16.5712
-17.9075 -23.8344
13.8736 13.2245
38.8383 -31.617
-17.5309 -25.0655
-50.0016 -49.399
20.6459 -24.348
33.3261 7.38482
-14.2386 49.7498
19.5925 -11.8069
-14.484 53.2875
18.5583 20.9502
-12.4825 2.50356
27.2352 13.6621
0.339285 56.3028
-16.2532 54.9257
74.2451 -16.8597
-34.3415 10.4556
68.2693 -16.4657
18.9103 -26.2184
11.9614 -40.5683
-30.0682 2.37105
10.1704 36.1475
61.9395 -77.5987
6.46328 27.5606
-43.0914 33.7465
11.7614 -48.4485
-9.26676 -45.6588
59.7888 -0.514051
-24.6919 8.62034
-4.09957 105.528
68.6236 67.0222
-51.2422 10.0279
-19.8163 -25.3452
-25.629 39.2816
6.52833 -16.3016
-72.6675 40.296
-28.1339 -44.2032
23.6188 55.0669
-14.7351 35.8222
-1.27248 39.4756
-3.00554 16.3073
-15.0252 -37.761
-22.6321 -55.6769
26.756 41.0088
14.003 7.79207
9.74562 -6.58962
81.0373 -41.6069
38.1156 -14.8997
45.3176 17.6808
-56.2094 33.5149
-78.0661 -20.1584
52.2084 -33.1046
21.88 1.8258
29.5113 -41.5685
12.0506 49.2487
16.0988 -2.53633
-2.85955 -63.5219
1.34475 -1.41252
-0.56291 29.4009
52.6001 26.6326
-22.5218 44.1827
85.0609 18.787
-22.7504 -51.06
37.5332 -58.9842
-5.31537 13.8075
34.3999 -40.3889
-8.25745 15.4546
-48.5862 -11.2393
-23.2263 47.2746
-34.3664 32.3753
-6.05821 -15.285
28.9801 -28.1975
30.5594 -20.3183
7.02782 45.2167
-17.0024 5.18457
-31.7442 14.2355
-6.41179 4.03835
18.9115 -56.5175
49.1332 7.78218
55.466 9.05144
27.4063 28.3881
46.9221 20.6104
-1.77509 -13.9186
-32.2312 -39.5959
4.65525 13.5848
-25.9421 4.49032
44.0941 10.2092
37.1716 76.0284
-58.5035 -58.1463
4.17992 -44.5512
30.4886 20.1427
60.8954 6.72974
-51.953 5.1891
-48.1897 -8.40974
20.4436 -29.8135
-24.4447 5.10897
-24.7082 5.86717
-22.6352 2.85099
40.8734 -25.8984
-47.2189 -5.08474
4.31796 -8.84424
22.4153 -1.83105
-10.4207 90.2766
39.0814 69.8448
21.6176 -2.44619
10.2777 -50.1901
-10.9211 50.9618
54.5502 20.7098
22.0176 -41.029
39.7206 1.12805
-28.8622 -70.3136
45.9211 65.608
12.1192 36.097
13.1958 10.3286
17.9892 50.3206
8.47522 30.0867
-70.1036 -37.6602
-2.48358 14.6525
-37.4457 1.96996
-16.9937 31.1289
27.1505 42.7899
50.3535 -22.3094
-23.0315 15.4063
46.0763 -40.4105
-18.8012 33.5342
48.1574 2.84637
-6.14766 17.5151
-59.2546 -33.4642
-65.7502 -7.47968
-25.664 31.1231
-7.0063 35.9248
-0.673332 32.9414
-0.891495 -20.2474
22.9203 3.25522
-20.1738 50.374
-2.53674 10.0769
30.9201 29.6258
-0.718393 16.1905
25.8129 28.0739
-80.3008 -15.4783
-23.6696 8.11055
-28.279 -19.6543
-11.6321 28.1241
-22.4478 43.529
-36.377 35.0033
42.4343 -48.5251
11.5839 -62.4715
-27.7013 -47.6224
40.5494 -34.5424
-74.4725 -12.8077
-29.6114 9.1682
4.04251 -32.4556
27.1586 65.8574
20.5974 -25.3279
-24.555 27.5559
4.59647 56.8141
72.8655 -52.3662
-13.0087 -46.7184
-57.1534 -7.63965
-27.9727 20.2998
-10.7502 -7.8989
5.10881 -5.31548
14.4696 -35.9834
-11.5407 -17.0902
-42.6294 57.8327
-22.6451 -76.6256
30.6916 -48.9838
21.634 13.4036
-19.3727 -26.7172
-3.29423 46.7543
17.5221 50.6898
-38.3067 -29.6938
57.0933 61.5322
-69.8908 -13.341
-16.4554 -11.1708
46.5307 7.00492
-47.9007 29.1713
24.9795 62.1974
31.8856 -9.81819
44.9659 59.9661
4.28924 2.28322
-6.96593 56.7624
-16.8991 -9.93453
32.8028 37.4196
12.257 -12.7057
-40.5231 -10.2112
-57.2281 -5.73316
32.0839 31.9339
73.9004 -36.7797
-32.8978 -2.00336
33.1846 -32.4354
28.8974 -9.53437
-51.1194 18.943
-25.7115 16.3218
-15.6379 -33.3395
-56.0719 -48.3983
-4.2682 -31.3179
25.6209 -10.9697
19.0678 -23.0623
65.527 51.4323
-64.5234 -7.33319
-6.53323 5.44849
25.0807 10.9943
7.4693 4.5461
-23.9515 24.1462
96.9011 -26.9843
-7.70885 96.5222
41.5196 -20.4777
6.87104 -15.8014
60.8318 24.2415
-13.6412 8.35542
53.5992 -53.7619
1.57349 19.8681
93.1339 27.8499
40.9552 -19.6291
-46.1758 23.299
4.31071 28.2183
-73.9593 2.22217
-30.4506 8.98497
5.76141 -42.7577
43.502 23.9018
-18.0313 8.11567
-37.9279 -39.4106
-87.163 1.57747
59.8798 -6.81893
-28.9215 -0.332582
-6.90399 -49.7232
-2.98451 5.38429
14.6823 -0.946333
-7.87107 0.517351
58.7906 -10.1716
-6.27853 -86.6598
-21.11 13.2371
81.6691 -8.34682
38.4195 -23.9913
-24.0113 7.03355
-8.87326 -4.39429
53.8323 -55.5804
-29.898 67.4593
62.511 7.47238
-3.21419 4.18373
102.446 -52.1913
-14.0679 -13.9674
-39.6926 -31.9138
4.96169 -31.4829
39.4056 -67.6056
44.15 14.9272
-39.5072 -31.4717
-9.68941 -28.6055
-29.8285 17.7907
-47.0336 -15.6634
-38.5988 56.0797
-36.0452 -85.3528
27.9424 20.3217
-66.0177 -81.1787
-14.2733 -64.5328
-86.3277 -8.03724
77.247 43.1073
3.61608 -11.9106
105.992 -18.1664
19.2532 -73.3289
33.7748 27.3813
108.361 46.5149
-17.3152 28.2199
32.1575 32.1961
6.46302 10.9064
69.5753 6.83305
41.4197 7.20947
-6.6543 -44.2726
16.867 33.7153
10.5839 55.7754
22.1455 40.7867
-3.15781 -46.4769
41.0764 25.0065
-40.2338 44.3862
7.9651 -24.9292
-39.4699 10.0581
37.6188 6.42445
31.1306 26.6752
-16.8711 -15.4789
24.2493 7.56407
27.6524 10.5245
29.391 43.5769
85.902 -21.9534
44.4178 47.3617
-10.9949 -91.5169
79.9693 -9.41094
-9.56805 26.7342
24.6273 -30.4387
14.7876 -24.2188
63.2947 -3.79593
-58.6386 4.78779
14.2328 6.16033
-21.0357 -53.307
19.6394 -6.89158
-31.4349 -21.8127
-11.221 18.5193
-14.8087 -12.5539
77.4749 -30.1299
-24.6494 20.7728
11.1044 5.65879
77.9898 56.1384
11.9498 -23.4541
-71.2253 -12.1378
75.2346 89.4581
25.4634 14.3494
-46.9695 4.96965
9.35948 67.4259
-35.7712 100.433
-13.3247 17.2022
4.69468 44.5753
-54.9752 -15.977
-13.3953 15.4652
-28.4809 -51.6512
8.61049 -1.0311
21.5233 -74.0727
6.40168 -55.7001
-34.252 -13.6601
51.1288 55.4279
-31.3793 6.51473
46.6664 -60.4932
43.3858 55.3768
-11.1476 -9.8537
-60.7646 -17.0911
-26.036 5.04499
-10.4257 -20.2126
28.46 41.9251
49.7591 1.03607
-35.6863 -6.85893
38.9529 -8.70795
5.99187 -67.0312
40.7693 -10.7712
-82.9212 -14.8101
17.3872 35.636
-38.1396 27.7834
1.56888 -9.13754
58.8511 -39.7483
-85.3527 7.23656
-7.54169 18.271
-84.3983 39.2341
-4.40728 -0.617805
4.54293 -56.9502
16.8911 -27.1301
69.2955 1.64377
39.2655 25.5958
30.0416 -18.1897
-17.1642 33.8095
-18.7319 40.5723
-21.6507 35.9819
3.49438 8.75543
-41.9077 -51.7564
45.0249 -12.2574
-21.5294 31.5418
-32.9259 -25.376
19.3754 6.91969
3.62305 33.4425
17.4642 5.65342
-6.15996 75.7201
6.72287 -30.6751
-28.0495 28.5006
22.5945 -19.1217
6.93455 -55.2909
70.354 -20.4773
-34.8154 57.464
-41.3913 39.3345
56.7159 -2.12942
-10.846 27.2708
36.6439 -66.3648
-22.2769 122.897
27.4069 22.1864
11.1733 -44.5201
25.7011 -30.6454
45.455 -10.6287
-14.3315 -15.3493
-6.71916 22.8277
31.84 -43.0698
14.1514 -4.77559
17.0497 -24.7727
11.3671 -5.45996
-17.2517 50.631
20.0018 20.7918
31.4687 -34.5009
-38.4417 3.63296
21.8191 4.61307
-18.2971 -15.3585
17.7578 -2.35517
28.1287 -19.2454
-41.2533 -19.3427
-38.961 8.65015
-40.7301 3.51632
23.1442 -10.8112
-3.79141 -96.6941
-15.7993 26.0757
11.586 64.3092
31.6514 32.4492
20.5679 9.58545
7.66385 -8.08606
-16.2277 -23.1671
-9.09288 -10.6508
-18.3582 55.4984
64.2925 59.1501
-12.2688 -34.1689
42.7998 57.5364
10.0804 37.7071
9.65982 16.7238
-7.91723 -19.3225
-37.2512 -27.3584
25.4643 19.2248
2.63604 -38.1597
-3.8592 27.3851
37.8475 52.5207
-5.53929 26.4775
1.344 -100.902
-11.8175 32.5477
57.5232 30.7672
46.5827 -6.18025
-10.8493 12.6963
69.1676 -57.9078
-23.121 23.5959
-69.0153 27.4158
-15.6907 -25.1471
72.1407 -10.2028
-49.3625 -17.5743
-39.8146 -77.5279
44.0979 45.1226
-1.70291 -3.83732
-29.387 31.5291
4.55996 48.9387
-16.524 -55.4525
-71.4869 -7.89594
-5.81606 36.8553
85.3027 7.19402
-0.25491 37.1169
15.4793 38.9517
-12.1328 -27.3755
10.7239 4.95753
-54.983 38.015
-37.4545 -37.1817
-25.9181 9.71165
-53.169 -18.5105
-4.43178 -7.06865
-26.758 79.4969
-0.410425 -68.1369
-41.8402 27.988
59.4017 -102.399
-5.81494 -27.6118
-41.6067 50.1627
50.5443 -43.2447
-57.8922 44.9596
-14.3955 -78.8289
24.6626 -50.593
0.290957 64.2201
-3.78383 -63.9641
-18.0358 10.016
-38.0652 -4.36802
10.7073 26.4309
-26.503 7.54395
48.3329 28.2665
2.42192 36.3106
-7.35728 -26.0587
44.5768 2.47162
36.4182 -21.223
51.5861 26.2921
-47.5177 0.145947
15.4607 -25.3172
23.3036 -25.561
-12.6249 111.547
34.2522 -13.3038
-60.7266 -29.2355
-38.4939 32.5938
33.9916 35.7035
9.69 11.8673
10.0039 43.0042
-16.9614 -7.48341
-88.4588 -39.7355
-44.8231 19.3389
37.1412 22.631
-24.7398 -82.8096
-30.9561 13.454
-90.0262 63.9682
25.1821 31.2957
-20.6815 4.36139
2.33686 29.9867
5.99342 18.0439
54.8017 21.7931
-41.2425 39.2299
28.8666 -26.6167
-2.48964 -30.6226
43.2941 -80.4718
-15.9847 -7.00343
-28.4183 -38.7409
-64.5729 -24.9504
26.817 27.274
-2.61942 60.604
82.1954 -32.2534
16.2322 44.6131
-56.1979 -22.4238
-62.1916 -27.7304
16.6386 -5.58697
35.0122 17.4722
-29.2587 51.8997
18.203 18.8818
41.5474 -35.3549
73.5767 -26.878
6.02976 22.7377
49.5665 42.7511
-22.4825 3.33166
-22.8765 -24.6322
38.7438 23.9252
12.0725 -43.3307
45.4985 -3.63061
-39.3859 -1.32518
50.5047 13.2259
5.0441 5.06492
41.9051 82.9741
-84.6099 -61.9963
18.2574 6.0637
-26.6516 -0.429726
-35.6589 35.5159
45.009 13.306
-10.0992 -5.79647
-62.1206 21.0795
13.3108 59.8887
-19.5925 25.0523
-23.125 -7.23702
35.0627 9.55593
6.2716 49.0935
-36.3261 3.7452
1.17159 -48.6853
48.2812 60.9011
1.18389 26.9776
27.6779 -8.68432
-56.649 -15.7092
32.2671 23.9155
-21.9902 40.3549
40.8295 23.8551
-6.9914 -2.33453
7.5084 -71.4656
53.3555 25.0707
-54.6019 12.5974
97.7812 18.2298
1.65947 75.5406
-60.314 8.83187
-48.8704 -50.4166
72.2444 -16.4262
6.24552 35.8645
35.6486 39.2363
57.6685 6.519
2.05711 30.3014
-17.3797 -3.29736
1.04421 -36.7041
-3.55304 -6.54437
80.3285 16.5808
23.3736 -5.68114
30.6054 21.3617
24.5159 23.2465
24.3542 17.1066
109.465 26.3783
-69.1248 37.9033
-19.8039 -64.7721
-38.3352 -10.9989
-26.4866 -61.3627
19.3723 -32.527
-13.1224 -21.395
-46.6791 -52.3614
16.9595 -46.3718
41.2804 -45.3377
-8.04687 -26.6858
11.1826 37.0937
36.6122 -52.0117
20.7909 40.8475
-47.451 -31.6006
8.28657 -27.189
-4.77 21.6539
-63.3113 20.0903
32.2958 -12.9614
10.3718 41.3179
-21.2671 14.9147
99.2436 -23.2272
19.4692 -33.3101
-35.1276 -49.345
15.0228 36.5217
-10.0433 -1.79512
-80.1964 57.2454
-47.0068 -9.73754
31.6608 40.4483
49.2252 -97.1118
5.68375 -52.1311
6.86952 55.604
20.5646 14.6952
-38.3038 19.9675
-10.9474 -13.1738
2.09175 -31.637
-21.1375 -1.00677
66.3789 -16.7436
-48.1047 -41.0149
53.8437 0.0669422
-17.3455 21.3944
12.8531 -45.7136
19.003 21.008
36.3475 -23.8905
38.3151 26.6409
46.1296 49.642
36.9319 9.52811
10.7775 -14.0959
61.448 34.9281
34.7396 28.7059
-2.91537 -16.5515
28.5289 -15.9564
-9.30978 5.78685
77.9513 -15.6831
7.60441 -1.39255
-23.9555 -36.6533
12.1612 -68.2571
-28.1696 29.2914
-17.8646 47.5178
14.6323 53.3087
28.9885 -25.7805
-9.66851 7.52701
26.3486 22.3593
