-35.2313 5.48392
42.5103 -15.0808
-24.3948 10.5353
46.9084 25.6211
-23.2331 -38.9511
26.3585 -47.3369
38.7555 14.3536
-39.7988 31.1801
-94.5932 83.6815
37.801 -35.8882
49.1906 0.251724
0.639244 -49.5875
-30.9847 -54.9355
-71.7384 -1.89958
-12.2285 -43.3206
56.4338 17.333
-20.7613 3.26834
-76.4956 -14.7346
50.576 43.5277
60.0835 10.9515
16.549 -33.8281
18.8187 -34.1434
14.1577 -40.5677
2.70974 -44.7421
1.63443 -17.2936
-1.95748 65.5684
-5.85862 43.3916
56.0841 37.8181
-12.8668 9.33676
53.5306 20.0749
-15.7349 24.6041
-47.0589 19.1891
-116.539 65.6364
-19.0108 17.152
-38.9764 -11.1076
-37.6774 -62.3454
15.4502 22.0506
-5.95336 17.808
22.7932 -34.5442
-32.17 16.063
116.562 4.1099
-7.60058 -21.5978
-5.72163 73.0804
-41.3209 -11.1638
42.1133 -9.8722
69.7286 29.0707
58.205 22.6717
49.4916 -20.8318
-7.88945 8.64727
4.96784 -22.5776
10.5171 14.648
21.2888 22.2075
-11.9116 -9.83379
-39.6848 42.6732
-2.60046 46.9775
82.833 4.58337
-55.5077 12.6136
44.7503 -38.7096
-3.56258 -75.7027
-95.2153 43.5348
28.0203 -21.5687
-41.0527 60.5439
-32.929 -19.3415
-15.2538 18.1035
30.0313 44.0965
37.9859 33.6225
31.1009 0.623665
-18.3926 26.7495
2.24753 -20.3778
-63.5557 -32.7477
4.5964 -37.2097
-31.0536 11.2475
13.2666 14.2289
2.11278 -82.2672
15.8054 25.089
59.0566 -35.1264
-11.8087 2.80797
18.7545 -32.5328
50.5505 -6.07799
-57.6483 -29.7537
35.4832 -22.9518
-51.1795 63.4723
70.8528 -40.7734
41.2681 -10.2293
57.5949 -74.8502
1.39738 19.814
-51.4605 91.0988
-22.867 -76.4185
57.2818 22.5166
25.7142 60.1212
18.4953 0.231291
19.5285 15.1158
6.34824 -26.5663
3.55173 7.9968
22.7558 -1.31321
4.14622 22.9542
-50.1906 -9.07674
-60.652 5.56382
40.2208 -32.6498
7.92015 -33.6484
-9.42683 -22.6472
54.4207 -35.5683
-35.7999 4.95055
-59.3836 19.3317
-31.6662 16.2143
-83.1806 -5.61437
-12.771 -29.6544
45.5982 46.9027
51.188 -35.0703
-82.4803 57.4642
-17.4709 17.4717
-35.1749 -44.8443
-51.5375 -61.1811
-19.0107 9.12161
18.3736 41.398
-44.4005 -63.392
-20.173 -83.7728
63.0734 33.8684
-28.3571 -28.6886
21.4555 28.0375
-13.9519 -10.0049
2.70721 74.2754
48.4292 26.8324
61.7617 -15.0243
22.4207 27.956
37.0826 46.2309
-1.47352 -12.303
55.3628 34.2479
-28.8677 1.54294
-10.8348 -18.6078
-32.2642 -1.52608
-20.788 -33.7943
-5.3301 -12.1364
13.4933 17.1308
17.7617 55.8242
-39.8463 -20.4138
-91.4736 -27.2976
77.3204 -1.2499
-8.42739 -1.70599
-31.1403 29.4475
-36.1433 69.2736
-31.5975 13.5362
-26.4212 -15.766
-10.8065 -7.67648
18.7847 17.2084
-75.2479 -19.3502
3.25037 -41.0478
37.7184 -17.585
-25.5431 -41.8242
24.4248 36.5721
59.5806 -46.1896
86.4424 -21.7962
-5.90593 29.8984
-22.9623 -46.584
27.282 83.6172
12.1673 51.6451
8.80866 -8.35041
-71.931 -59.9348
-22.9912 -41.8024
-1.24751 6.24232
-4.83732 -48.482
38.1552 -5.0767
35.2334 -1.83956
-9.83088 1.91075
13.0076 -28.9131
-11.9974 20.9952
2.34591 52.6322
33.0251 25.5043
-15.14 -10.913
27.2272 -17.2852
-8.29795 -20.5878
-18.8597 -34.8209
-15.7081 -5.86873
2.7659 8.33489
-14.5629 -19.2485
22.1476 -12.412
-0.248037 15.8228
32.4575 -41.3069
7.26517 7.61767
-44.3486 13.5272
21.3862 1.93031
2.81816 -11.5772
5.6437 13.3405
19.2318 -18.9981
1.82767 -47.9554
-45.2007 86.5012
0.887424 -43.118
-49.2972 -5.80245
-82.5272 -53.6545
36.8736 43.1371
28.5779 -20.3462
21.9247 -48.0976
2.27849 -9.34631
71.98 80.6044
-10.6681 29.685
-31.6271 17.3516
-36.2153 -11.5701
39.971 -20.2963
29.2168 -21.0837
-27.2977 -52.6023
39.1858 -38.1155
36.5222 -13.353
-43.7317 -15.8497
-14.9985 -15.7836
-33.7702 -79.9151
21.2576 45.0727
43.8314 62.2597
-18.3402 -29.821
-2.72789 23.7623
43.7531 -18.9706
0.3895 -11.1342
-35.3621 5.88666
47.7519 -2.63523
9.19744 38.0734
-0.92228 17.7863
35.0182 56.735
-17.9391 18.9984
-1.91668 -9.90895
-54.6022 16.7763
29.3717 -74.4054
0.967725 -53.5257
28.6125 40.3391
-22.3482 -29.4463
-36.9327 2.26095
-42.269 -43.286
29.0005 -15.8791
7.91115 5.25988
47.3924 -5.47008
10.8508 -9.88688
-19.9823 -15.6258
4.89104 -29.6693
3.24965 27.53
-37.4733 -40.9751
-31.6624 -32.9705
7.04862 30.6862
-27.0875 -55.7554
11.2371 32.8838
-1.47988 -13.1369
-67.5177 -61.9522
55.9995 -86.3207
22.1638 -96.0696
12.8775 -30.9039
32.4032 23.4806
-26.5082 -67.3207
6.30531 8.90417
-12.0324 -18.2174
-3.07267 11.9548
-15.0619 59.6645
-10.3872 -18.7391
61.4727 26.376
16.799 -32.646
-35.9341 8.01094
19.4602 -4.51981
-15.9405 22.1318
-82.3705 10.17
47.8386 66.8783
48.874 -9.12871
15.9826 2.85686
-4.29659 12.4542
-31.2573 6.54198
50.3616 -9.83249
70.0898 35.0598
19.7678 -59.9896
15.5564 38.5889
12.4959 -61.7902
-42.8512 38.8028
39.5176 -2.90309
-20.7709 -78.7408
-1.79961 -13.4301
36.6059 38.2259
28.6072 16.3794
18.7429 6.64951
31.388 13.2525
48.9574 6.84288
47.6634 34.5968
-73.2306 -1.35251
31.2546 -52.9147
28.1901 -2.20191
-5.28417 9.77497
-48.8502 -27.739
33.0443 29.136
49.5328 -6.25199
38.913 12.5963
-2.65519 36.2
-6.60068 11.677
-26.7703 -13.5062
-1.95386 41.2132
-114.75 -21.2328
-6.49276 -7.00161
-7.52956 42.9426
-19.6001 16.9024
9.65733 36.5537
-5.23151 21.9269
7.2663 12.6967
40.2211 1.34182
-21.2131 5.49007
20.1299 -14.2218
4.07635 12.1876
-22.8244 1.748
26.402 -23.9306
-14.2331 44.9298
-20.3402 -80.2341
48.0309 1.18699
-81.8291 3.12228
-25.4705 -74.4333
-10.884 19.3616
-3.47922 -26.8618
-9.52252 -15.7293
64.8226 4.16714
-78.0894 52.8526
21.5921 -49.8601
43.2993 0.0687599
-67.7148 0.150769
-5.63759 58.0525
-32.2393 -37.4243
64.9006 -40.2032
-53.4347 -16.6803
-7.08164 -34.833
-21.0942 19.4058
21.3981 53.1893
35.8296 -47.6934
14.8424 9.3552
-9.38142 15.9597
-31.2575 -21.7774
-18.4204 54.3152
-4.96726 14.523
-35.9866 -60.0279
3.69216 63.133
-15.6384 -67.2218
-17.2508 10.09
-27.2025 3.33396
0.110886 61.4959
-9.29901 -6.51017
-2.173 14.8249
44.7863 -23.9473
5.2137 -4.80357
-3.17991 12.6635
39.0171 34.032
-31.513 -15.5189
-14.6353 88.669
21.4647 8.4672
0.615921 11.0455
-41.105 57.0464
-13.029 81.6989
-16.5717 52.5878
5.44643 35.9473
17.8706 26.1862
5.30977 -30.3464
29.3523 -41.2489
24.7299 1.91205
56.914 22.7912
-78.0165 21.5283
-21.4478 39.5255
34.9468 13.8728
-24.665 -42.1339
-72.6384 -31.6902
-46.8337 -7.80597
36.2217 -0.341742
13.1478 45.7301
45.0444 -29.4581
23.588 -16.2361
18.5261 40.748
7.7479 -51.2335
-4.52609 13.5814
-12.7086 -1.30342
6.06992 75.9575
-24.2669 21.158
-49.2941 13.6314
-15.7858 -21.6705
-56.6023 58.1061
-16.1147 13.9653
-16.4539 -69.498
33.9233 7.30125
68.1177 16.0667
-27.6912 43.1105
-19.0972 -39.0546
72.9755 -9.23379
90.3999 43.789
-27.4802 -34.4143
16.7919 18.5191
30.8552 19.6448
-4.83359 -100.911
65.3941 -8.9221
0.620597 14.8711
11.7071 18.7792
5.79862 -7.92543
-1.67326 8.11092
30.7292 -1.94553
56.5357 75.501
-18.4519 39.8267
-20.8953 -5.75216
-37.1442 -45.476
-7.38779 41.0582
40.2826 -10.2916
-12.9248 -22.5109
-46.7315 -29.6166
-1.02879 46.4188
82.9687 -15.3248
78.8612 -18.6413
-50.3967 -9.59348
-54.9416 62.2069
-35.0108 20.8294
-47.3268 -14.2614
-1.65368 27.2409
-24.5841 -30.2791
25.1597 -27.1664
-20.0962 -13.7576
-26.0955 59.3253
-1.91228 35.689
-87.9865 -88.1564
117.214 -54.3906
19.8121 59.5719
-20.8541 11.1224
7.52108 7.6437
34.7719 11.4054
-34.1184 -28.6025
20.8391 -18.0003
-91.688 34.9795
-36.4243 -50.1091
-47.525 -68.2778
34.3467 -10.2305
5.12672 21.1781
-16.0994 25.5627
62.1189 55.1199
44.6657 -34.7009
9.15435 59.8911
-20.2969 -13.6455
-50.3205 -9.11107
24.867 -42.1308
5.60542 -40.9642
-27.0335 -39.9293
59.2498 4.76129
-25.7654 -33.7383
18.3263 5.9403
46.6919 -22.1569
8.00057 119.201
115.451 -86.8865
-56.162 -46.6686
40.3513 11.6306
30.1123 -37.1386
-89.6045 -18.7496
6.41151 -27.8946
1.89893 61.7473
64.1786 0.678439
-9.45905 15.2973
-47.2874 -38.2161
51.4576 33.5836
59.7012 -17.4243
54.2208 28.5073
-1.03332 -57.2264
-24.1257 -95.9872
-12.5839 21.788
13.0067 -0.130852
10.1447 -24.4173
-38.1048 10.538
24.3063 -53.4361
22.4776 0.8333
-90.6445 -20.1061
-30.1315 15.0308
-75.9636 20.1457
-37.7765 26.4744
-25.5781 -29.2473
-35.4164 42.9946
-23.4181 -38.5474
-3.99941 1.25214
39.5048 61.1524
-71.6037 11.2478
47.052 2.26707
-13.434 27.7612
-51.3562 -30.1475
-5.49055 -35.8255
42.8028 31.2818
13.5255 -44.7113
31.2244 -59.9597
17.9933 3.01439
50.7282 2.14929
-29.983 126.246
26.9459 26.8523
6.44711 32.7382
0.470854 52.2778
29.3046 -74.3613
30.0963 -19.1929
-72.0034 -51.3775
2.71709 -7.18836
66.2925 22.4465
-20.2059 37.0623
20.3419 -9.52496
1.84653 -20.1624
41.101 44.9804
5.85547 -36.63
-25.9317 12.6983
10.9361 -10.2163
-33.9328 21.4155
-18.3038 9.70422
-44.4609 0.49535
-11.0584 101.323
-25.789 -32.8827
-29.1984 13.3044
20.1748 13.5413
-43.889 12.0094
40.6932 -37.0836
5.26179 -10.5997
-9.47774 0.635214
-59.5799 -15.2802
-46.3812 -23.7411
-24.9399 -21.5773
13.4493 47.6194
65.2083 -43.8485
-47.0722 -10.7883
56.4279 -7.80582
43.2353 16.7017
-9.88192 -25.4444
37.2141 -3.90631
-7.03379 -13.1941
-20.3502 8.23148
78.6979 -36.2434
16.8053 27.2001
29.603 53.8836
-4.87195 36.0432
32.3318 -41.1284
-38.016 7.0152
-13.3469 23.2141
52.2424 -70.1558
-1.86855 -14.7715
40.6694 -35.0392
47.068 -9.321
-3.84553 -38.7142
-13.3098 -19.8306
-30.5682 -26.3791
29.3785 26.8975
-63.831 -16.4203
41.5888 -30.0493
-21.6448 -36.4121
-28.0884 11.386
-53.4198 -69.0709
-120.644 20.619
-5.14899 32.7257
-25.2732 -12.3222
108.606 -26.3127
-13.4602 -26.5319
-21.3416 32.5907
-7.84185 -46.9985
-56.1607 -17.9439
-64.563 39.4252
-12.242 12.84
-1.86351 -33.8211
55.7496 10.621
23.2984 -41.3365
-17.0712 -1.89264
-61.0667 -13.2556
28.3381 -11.4736
18.6705 52.7009
-19.8363 90.7963
12.7633 -5.37876
-0.602708 4.44761
-9.95827 -58.9949
-29.4291 42.6833
1.28679 11.8984
-33.6589 -58.0178
-74.6293 89.2407
0.791014 -23.1897
22.394 -22.2796
-42.4583 -11.2415
-37.4041 0.396976
-6.62965 -33.7903
-69.466 46.7621
-47.3612 -7.36811
-23.3806 -15.1395
-30.0207 14.9753
-17.9348 60.463
36.219 17.15
-2.41498 -20.8507
-0.623436 -2.6472
-36.6467 -24.5337
17.1792 17.271
26.8651 -73.9858
71.1017 76.37
35.9992 33.186
-53.2931 -2.18698
-5.40205 -4.58662
-37.5233 28.157
57.104 -20.5764
14.0715 -18.5378
12.2508 45.0922
27.9259 5.0791
-1.21143 -27.0023
54.453 0.0836678
-45.7151 13.6062
-41.3886 -18.028
85.8341 -26.9719
14.5006 67.5341
-3.80695 26.9749
-61.7391 2.98216
19.5171 17.7498
-6.0003 10.3332
-21.4865 2.1903
-0.0791464 -19.0224
-4.79511 23.3927
56.7016 -19.435
-11.4764 38.6713
85.4272 31.5852
-52.9077 29.6062
-31.3476 10.1186
-13.8782 -14.119
43.8229 75.4813
28.7728 -60.5468
-28.3596 -5.71834
1.44593 103.018
-62.8402 -41.9821
-19.884 -44.5844
-32.8235 -47.0363
18.2463 -10.6283
-42.1968 9.4464
31.1873 -7.41274
12.5488 18.7173
7.5497 57.1706
26.4245 -23.1649
35.391 -31.8085
-6.99297 41.1945
-61.9712 37.0437
45.7109 -28.2959
34.7927 2.37122
65.6346 1.13138
-20.8762 -0.0436687
65.6481 -4.06562
41.6024 -12.2669
7.3756 -31.2426
-23.7957 -52.9858
22.9043 -29.9955
-29.2142 -54.7373
-28.9936 11.1207
-23.1109 -0.0275688
32.5427 6.41932
46.289 -27.2939
17.4592 4.90549
-25.487 -13.1151
-51.7658 41.6853
-78.6694 49.256
-25.3931 -31.7159
-38.7015 -22.6579
-24.0086 -48.0449
-27.8814 107.18
-95.3019 -12.2574
6.61005 3.4972
6.17584 -16.8615
76.5893 2.89272
-18.3592 21.7731
60.094 9.8449
7.95978 -5.28455
-36.7804 28.0771
-15.3545 -38.7807
-4.15942 -48.3641
-76.1998 58.8484
-12.1279 20.0546
25.4201 -13.3354
10.4997 4.3326
45.6161 -4.73716
15.7612 -20.1193
39.5963 27.0105
-37.7935 6.8688
-6.09809 -87.6988
14.6353 -6.23454
3.58332 -60.4584
60.8983 -15.6915
-31.7167 -47.5837
61.7472 2.93509
4.42777 18.1943
-1.51011 -26.7384
-35.4302 22.9468
91.9434 56.1704
-50.7736 -33.68
-46.3099 -46.8905
-25.7353 26.6152
18.8207 42.0535
-94.1485 -4.5341
-22.2746 -80.11
-42.0836 15.9289
-14.3361 -0.59831
46.9328 -14.2415
58.646 -42.8657
-28.2795 5.96517
-28.3117 33.8658
-23.4875 -45.5775
6.71969 -46.6408
27.3521 45.3031
-14.0976 -45.965
-3.98365 51.8991
-3.05022 45.5065
40.5919 44.1078
-121.937 2.38549
-25.5146 -81.2868
-80.4844 4.94953
46.0127 -44.8301
-9.08405 -7.3783
19.7783 -11.1567
-33.5771 26.3687
-14.4658 29.8673
-3.63148 -49.4008
35.9354 54.3637
11.8711 -26.8956
-4.53216 -6.99554
-18.661 -6.6464
-47.4395 0.535351
8.22572 49.1562
-45.0253 22.3775
39.6897 6.40499
38.5122 0.12596
-29.8196 50.1627
-7.20537 21.8796
27.0834 -16.8675
67.4608 -70.0759
45.1249 -21.156
-4.52579 -25.7866
-7.94224 -16.0056
70.0938 -3.16783
25.0735 24.7843
-24.7438 13.8371
38.7198 -9.7351
-14.0197 30.8498
-16.2428 -42.8269
-8.38083 12.3509
48.7595 25.9268
-29.0366 16.0833
-43.7199 -31.1508
49.1252 -18.6238
19.2918 28.8122
4.7349 -28.027
-6.11997 -51.9177
-6.15551 28.4897
3.31809 -9.81807
1.70119 19.2939
-5.5658 -63.2599
35.1974 -39.4514
3.15963 -45.2775
25.5788 -59.1212
-29.3292 -22.8944
-7.78903 -5.92331
-16.5534 12.2239
-23.6491 19.4744
-11.815 -47.0508
20.9132 -24.2067
37.334 -21.3744
-32.7456 4.07644
-71.0715 -32.1121
90.8656 -10.6163
26.8989 -37.061
49.4939 9.62122
-66.5413 -39.2824
3.10039 19.7243
-8.99383 10.9822
20.4057 5.18652
-45.2372 49.5128
11.4597 -42.565
-40.8665 -18.0952
-5.14366 34.8741
19.5925 37.4929
52.5756 -20.0786
-14.5919 -19.0672
12.0573 -47.0672
48.2679 -54.1215
6.54501 42.0523
44.2552 52.6002
-20.9373 22.9176
51.4565 41.6935
-2.11544 -29.8449
10.8963 -23.5672
-16.4707 -11.833
-24.3908 -1.22753
19.6086 12.3286
14.925 -54.2269
-3.38593 -33.068
21.3533 3.50141
10.5209 26.8489
-1.25461 5.4049
-3.32304 1.05867
55.3427 -33.4588
6.24099 5.68831
-35.1412 -15.5326
-73.4683 -98.547
21.2911 48.7158
-2.62871 32.0392
-4.73161 2.90134
7.0599 1.20504
16.4954 11.5363
-1.78069 -16.6377
-44.0148 3.81043
-2.75574 -53.7084
-31.4038 9.24992
12.1471 -28.7478
-49.279 -27.8092
10.0467 23.4758
-10.7439 2.11639
-8.85799 12.0169
-35.7101 -12.981
54.047 -14.2289
35.551 -53.1964
2.88395 -27.3237
26.4794 -62.7397
17.1503 7.72057
-33.8848 -3.66973
15.3069 -20.9659
17.0813 14.6575
-23.6789 55.8619
-6.97802 17.2844
38.4932 33.0476
-4.78439 28.1697
-34.5932 -41.1638
-72.1451 -1.72759
-49.0369 20.6338
46.1758 4.61176
-28.2631 50.2792
-33.6497 -24.2354
-39.8869 -87.5141
37.4842 18.2962
55.5903 -13.4705
33.5003 -23.7286
-10.0722 -38.7767
1.60197 -27.3107
28.6145 -30.8622
-76.1128 -9.73895
23.2229 20.0254
-3.10225 -65.2174
3.56231 -2.07944
-87.7681 29.7826
21.8265 38.9178
-10.0953 -62.6333
-0.178108 46.6508
28.1125 -0.688407
-43.8815 49.9445
-15.8132 -9.23369
-32.3373 -20.1485
-67.6421 -4.80753
-126.207 -53.5334
44.7147 5.98197
30.1138 -49.9278
-36.8559 23.292
1.43727 12.0152
-1.10906 12.9114
23.6388 10.1419
11.2353 16.4764
-49.57 83.635
15.0195 -34.0204
47.9747 -50.6863
-22.0163 36.6252
-3.1342 -17.5832
-21.3836 20.4522
-19.0177 72.1672
-51.1473 27.136
-10.9345 7.76425
21.7317 -76.1833
-2.21527 -48.939
58.2598 0.158337
14.2022 -4.01977
-12.9724 17.5109
-5.32341 -29.8661
-58.2288 7.45486
-39.0307 30.8768
78.088 -20.4111
-26.8922 33.3341
-19.5118 44.2109
10.4615 -15.0894
2.18816 -19.2058
-15.5423 28.5699
-5.49368 -48.4743
-31.4654 -29.1658
-15.1727 31.3716
23.1375 22.8753
-33.7471 -5.18201
25.5427 -27.4061
-2.80377 -80.9503
0.897024 -22.5048
-17.1094 2.09811
-26.4042 35.6442
-13.8385 -2.71399
45.6616 23.6621
51.2007 44.6203
5.28406 -14.9508
-5.36846 -83.4624
8.9597 -40.5788
24.349 32.4957
18.2727 22.2855
-4.67639 -4.45457
-4.23256 1.8962
-51.3301 41.176
52.0807 -42.7117
-3.35654 -27.0172
-26.7229 87.4922
-14.0138 35.0471
40.6703 16.5848
36.3647 -25.0591
37.3641 6.96238
46.279 25.4631
-3.3558 9.50686
-47.3658 -35.6537
-21.5761 -23.4342
96.9673 5.54193
-37.7344 -29.9897
-4.54314 30.1981
11.6136 22.4421
23.3016 35.889
19.478 2.20785
-30.5568 62.6798
-5.68998 -10.7853
59.6971 35.8021
26.5692 -56.108
-22.2562 10.773
-5.82334 -10.8088
1.60147 48.7402
-61.2967 -13.2843
-20.8135 -17.3309
0.839664 123.376
29.7156 -3.78207
-74.8257 12.5085
-0.301283 -12.9343
11.0409 -71.7434
-24.9492 -21.0841
-30.2798 -65.4229
20.2175 -14.5037
-10.4355 -32.2825
17.5537 -23.64
31.5753 -37.4883
-26.0465 -54.71
-6.78387 35.7695
-19.2458 25.4849
14.7727 -21.0831
86.0337 -67.8549
44.0312 -58.5929
-28.9589 30.7472
-6.84578 -3.14626
26.413 -35.6084
1.7323 0.410591
-29.9722 -75.7328
-3.80845 -6.70038
-36.5924 17.0248
0.707 41.2647
46.5333 18.2414
3.24501 -41.5588
51.7487 -4.49195
22.0105 -27.9758
-15.8352 -4.27775
-64.4498 14.8941
16.0624 -20.1436
-28.7409 22.3755
-34.4558 90.329
6.6017 -23.3223
24.2966 7.48224
44.2592 6.95101
-46.3616 14.8878
75.2754 -40.6812
-53.5226 -33.2861
2.94812 -18.2266
-28.9126 1.25638
-1.14131 -5.86878
-24.0692 63.1658
-6.23105 3.3526
-59.7323 -15.7262
-55.9503 -6.49128
42.796 -12.5418
-44.6317 -56.1071
-11.6172 12.8545
-44.4743 80.4676
14.0812 62.1936
48.9949 9.09061
-53.3233 21.5182
-7.39326 -11.9875
-18.8806 -59.6182
-35.1525 20.95
-7.36695 56.1983
-10.966 22.0764
-40.4374 -18.6731
-58.9472 14.0376
-34.9551 -9.17265
18.7063 -69.2869
35.2188 -1.10889
-57.0887 -31.5233
-38.61 -38.0228
12.2729 -4.86286
46.194 82.0339
-23.2533 24.3433
25.329 21.6293
2.42925 20.7987
15.5226 8.71169
22.0396 -25.9916
-9.23404 73.7077
56.9597 0.556157
-40.6338 11.0381
-71.6803 19.8413
1.45555 0.348667
-18.4176 34.0246
36.9251 76.9543
17.1516 35.5059
15.4742 32.6729
-35.0864 65.8316
-25.337 42.919
5.85511 25.0669
-0.461733 -100.973
39.3576 64.1915
-3.07216 44.7253
2.37576 -6.6033
-14.7141 44.8452
58.6111 6.44149
-6.89752 48.1977
-54.46 -2.41957
17.4344 -17.2062
24.6263 30.341
45.4195 1.20356
-17.1841 -29.8353
27.6782 28.2966
13.0596 -8.43714
75.0659 -47.792
-65.8823 31.7195
9.60511 -0.398062
-18.6751 -50.0811
24.4451 -11.4374
22.0892 83.1814
-29.3211 -65.1984
-9.85097 20.5554
16.8288 35.3509
-59.8068 -22.0453
1.21183 -55.0427
14.7832 2.34537
43.8661 17.581
37.8245 -22.296
-45.7407 -53.1714
-44.2609 -12.8974
-31.5199 -78.5936
22.3729 0.730856
-29.8488 -28.4208
-11.1136 -45.756
-12.4518 -36.5355
2.35024 20.2056
1.86955 9.23574
-12.3193 8.96913
5.34715 -0.954269
-16.6605 24.6577
-100.063 14.3951
-67.6038 -3.9615
-18.116 18.9096
-27.7911 -30.1389
-5.40647 39.3998
-18.0498 51.291
31.3164 -35.4564
54.0752 2.85332
48.4228 17.6545
10.2505 -23.9434
6.51601 20.7597
36.373 10.4169
-82.4537 61.2212
-49.043 62.8888
-49.8252 39.1738
-53.322 -0.0394821
-33.9106 37.5818
-20.1919 -5.94281
1.93995 20.808
25.6603 32.8736
-39.4506 12.9301
-48.1825 -88.5076
0.534051 36.2118
-18.5423 6.01501
25.5994 70.137
26.5768 -68.075
11.9898 -6.3774
42.4 71.8611
41.8027 25.0709
-41.1885 -23.7697
11.1185 -44.0984
-3.26844 -57.1528
-19.3212 49.9094
56.7545 20.5413
-15.7823 -10.4672
14.72 -21.555
-26.9798 19.7172
-22.3796 -31.6963
36.048 -6.77768
-16.3425 26.2723
28.1583 -24.6716
-63.4881 56.8175
-5.34649 -31.2886
-24.2856 -25.6682
-3.56773 -4.85448
-65.2451 -15.6118
10.2014 40.9273
8.85158 42.3357
0.456326 -83.9251
-71.8357 -30.9413
15.3912 23.5026
89.669 -8.47988
-11.0104 38.5956
-36.1453 24.9155
9.51486 -90.1949
-32.7673 33.5368
-26.1378 -80.9373
11.6033 -41.797
-5.11011 -19.4468
26.1233 6.27235
31.1189 39.2518
-1.81753 9.53892
19.5547 15.4267
89.5383 -33.7117
92.8043 -20.5912
-9.21668 -10.3153
10.7381 24.2358
-24.9068 29.8909
25.8425 10.1188
1.68892 39.7407
27.1131 1.87015
-21.3258 -7.07971
-28.767 86.0329
12.1491 -40.5807
27.131 18.2362
-22.7745 -25.519
32.6168 -16.7517
18.1912 -6.72994
60.103 -37.2807
15.863 -31.7534
18.8209 25.7634
-53.574 15.8266
-5.10324 14.8993
15.6999 -58.9425
28.9167 20.2061
24.3036 -34.7035
-4.98367 2.61977
27.1794 68.7439
-6.06119 16.7546
-21.6203 -93.3448
-47.9475 -10.1764
35.413 -57.9384
77.8204 -80.4426
4.99874 19.5941
-22.2354 60.384
-4.06567 69.1405
15.4263 -41.087
3.46972 -52.7153
3.01142 -20.3207
25.9755 -25.2269
3.53715 78.3236
65.9556 22.1919
32.7323 -28.5589
65.9127 12.964
28.2681 -82.4034
-91.6851 31.5688
2.25746 6.85943
16.9576 30.7929
-29.4478 32.2925
18.135 -46.7655
45.5927 -4.14364
-4.94884 -57.0687
6.36669 -69.3531
-42.3332 -25.1308
43.4 -21.5982
5.41343 -30.5093
-6.18918 49.456
-25.0035 50.0004
-0.52741 31.2702
2.75346 1.14407
54.0756 57.2537
-15.7048 -9.17715
-29.5311 2.28755
11.2306 -6.46055
-29.7919 31.8277
54.1472 -39.2303
-46.2241 -17.593
17.7483 -119.801
36.7825 19.758
42.0332 22.1802
11.3825 -2.37563
62.6018 21.134
27.5395 -3.45643
21.5226 -21.0859
-24.9955 -43.6803
-6.32284 -41.9906
3.00558 -62.3689
38.5034 -7.90314
22.2819 -37.3546
-27.4182 7.97931
28.4647 -16.4462
63.1983 32.9287
66.9192 -4.19176
19.7534 -9.34169
-49.8701 -36.6644
10.19 10.7155
-30.2959 -51.7316
-12.5194 -11.2873
-3.69884 -27.6456
-25.4004 -5.96723
7.49067 -7.89102
56.3232 4.50708
-38.1492 45.4654
-8.44288 -30.468
-17.6122 25.311
-30.6347 9.68709
12.3369 -44.2058
-12.6559 0.45861
35.1191 -9.23432
32.8713 -24.4837
3.87338 -30.0157
-45.1097 -18.4061
10.034 17.3108
38.2757 -18.7839
-33.1663 -25.1825
-0.382509 -10.5691
-54.4303 33.1853
27.8376 10.8363
13.1398 -21.0251
20.335 -14.8772
84.6044 8.65718
-3.39383 9.664
-14.243 54.6096
-62.2469 12.0451
-5.90818 47.9793
47.3657 -23.8332
-71.5728 23.2258
47.8183 18.0238
1.31796 -63.6382
-6.08181 -33.2924
-2.26385 33.7154
26.8061 -95.0199
9.3475 38.0834
0.853283 -50.4259
-50.975 -31.6041
1.10059 60.1939
39.9501 37.1723
49.3996 14.5857
-35.7763 16.6603
-64.3068 7.89978
43.206 26.4843
12.6629 33.5396
-11.9611 -3.10756
12.833 -27.4576
54.8256 8.66212
-36.5415 3.94195
4.29407 20.594
11.089 -40.793
30.4678 33.5461
60.039 39.7116
36.9307 -44.9316
-29.151 32.7405
20.7772 -5.14223
16.7183 -7.82023
-11.1269 -53.3188
-18.4099 -10.2739
-7.48934 -28.3749
37.8058 -23.9894
-38.0479 16.5127
14.0727 98.9511
2.66328 13.5049
31.7654 5.64823
-0.914986 -92.2561
57.7961 42.0545
25.999 2.05049
-48.0668 -88.3193
-47.7756 -45.0984
36.1491 47.5025
-4.43719 -14.5443
-73.3951 -9.71317
-17.3109 25.3218
-46.0547 7.69588
-45.0357 -13.2443
-5.52101 -15.9734
75.2994 18.871
25.6662 2.31549
-8.10306 -7.85291
5.90764 89.3672
36.6628 7.38783
51.12 -42.4548
1.25844 -98.6002
-4.39479 70.035
60.0791 22.5392
-26.4067 -15.7962
44.4638 -21.8657
21.2777 -37.9241
14.7278 -7.77709
-24.9122 64.0376
-8.01536 26.8514
-11.6143 43.301
12.1188 -2.08599
14.8846 33.5931
64.3908 48.5725
20.7099 15.5661
14.8314 -94.5949
21.6762 14.4654
-101.925 27.6813
59.9659 0.706535
45.9751 -43.919
-15.1538 -69.1686
19.8182 -24.9273
1.35481 -39.623
24.203 24.5752
-66.9218 52.8917
-27.7723 40.4364
-104.449 -12.18
-99.9582 53.1189
-19.0619 8.34919
-10.6835 -51.425
-25.3071 29.4724
42.5105 -4.59101
10.7579 -71.8349
21.066 -0.662264
63.3055 -28.7402
29.2222 10.2277
0.568189 21.9245
-47.6692 9.40842
1.73373 2.59921
64.4621 -42.378
12.8875 -34.5444
-65.1633 -25.411
-22.7661 51.9943
-80.0673 -47.3163
-51.0114 -31.1438
8.41632 -25.0917
36.2871 -81.6084
6.97638 -29.8679
-50.0788 7.68589
-31.3232 10.4183
-11.5898 20.7749
-23.2673 49.4085
96.4354 0.513948
-16.9885 -27.229
-9.37609 1.84491
29.7696 31.8676
-20.3104 -11.6476
21.4794 -15.509
54.9818 22.6171
4.19493 -46.5823
1.65421 -14.5217
-105.062 -14.6608
10.5392 -78.6173
2.8882 -32.3384
-33.0177 0.407635
10.0505 44.3397
-24.9012 -13.303
54.1955 -37.334
0.342734 -24.5623
-4.00871 10.4185
33.5452 -45.8176
-22.8827 -51.8176
18.6903 62.248
-67.2733 2.81538
7.81362 -18.5792
11.1865 -2.77864
-78.063 16.7614
11.7958 25.5254
8.01337 -26.5668
50.7819 10.9534
-73.0349 57.3456
38.6805 4.47861
-18.0578 3.77407
37.8367 -6.19597
-3.27542 -10.6462
-15.0342 -38.8152
60.801 39.9381
-68.3678 46.9841
11.4557 -0.662892
24.6225 -65.0892
-28.2211 0.395465
2.54607 12.0287
28.7734 23.5783
-14.0978 -24.6876
-0.153502 1.13284
-15.9938 25.4364
24.2946 -29.7583
-13.7036 49.24
-51.3206 91.475
15.7335 18.0581
60.673 59.4228
-46.3502 -66.3686
-2.78486 7.75355
-34.7263 -24.1273
11.5976 -21.2842
-33.2973 22.7773
0.126663 38.2183
-36.1324 2.12064
-18.5929 -49.527
26.8339 31.6599
-13.8941 -51.0296
3.15571 -34.464
7.68259 -29.827
10.19 29.8049
-36.2556 25.1873
18.8296 25.0599
31.893 -32.0582
9.44867 20.0811
2.69883 16.6373
17.5658 12.0821
37.3834 46.6215
-39.8527 -74.654
14.8015 -53.9794
36.2493 -12.9977
13.2926 34.5575
13.8853 -9.86128
-50.6921 14.8627
-39.3712 -11.3677
-49.4539 0.311667
-36.2849 -68.2617
48.5147 -23.1877
-2.20632 -11.7646
-17.4716 66.2997
26.3315 -9.07018
13.7472 -56.8808
23.5267 -38.3052
18.1276 -11.4856
-31.7372 29.5157
-41.1501 19.1831
13.7824 21.951
-44.1416 -15.0653
-1.56831 -26.0086
-46.9981 -66.6902
-34.7043 13.1331
-7.20711 4.52474
-27.7948 38.2989
-26.6717 60.4098
-50.4306 20.5116
32.244 21.9345
28.4 -40.2959
-15.05 -47.0734
0.701735 -17.862
-12.5182 -26.8594
36.4972 6.58087
8.18422 15.4394
-96.5621 98.6499
54.8173 56.0878
-13.4819 -31.9023
-27.5101 -6.17769
-44.5866 -19.3043
4.57401 -24.4311
8.33094 -20.2836
-12.9194 -37.3717
14.7337 -1.36657
-0.333858 -15.0834
57.0145 3.72186
-31.0443 32.6343
58.1982 29.0855
-82.0829 -21.7596
-50.1104 -16.2129
-28.5628 -16.0034
-17.2606 -45.9888
-31.3665 -33.4132
49.2936 -10.0607
-62.576 -33.7162
-7.65658 2.92896
70.344 48.3805
-67.1885 -16.5149
-25.1836 34.8169
-46.5627 14.0122
49.1846 -13.4398
-62.408 25.8191
-12.8584 -15.2327
5.4325 -19.4836
-31.8589 52.8927
-38.7323 -7.26734
26.9916 -23.7198
53.3659 57.2414
22.4313 -4.20275
7.11177 21.0033
16.0226 10.5635
-59.5352 78.1293
21.0358 24.3407
41.306 -19.3844
10.5396 -48.7566
24.8429 18.202
-0.479588 -31.9423
4.31713 10.5215
17.2224 30.2241
29.8296 -44.0442
-34.4892 -14.0234
-26.1824 3.29794
-7.67384 -17.802
9.56488 24.8457
38.3562 44.086
-8.1813 -23.6903
-16.9244 -42.344
-37.7235 42.9541
-47.7497 -7.58002
2.26244 48.6862
58.3535 53.2713
-23.4105 -26.8941
-40.2401 13.4749
6.26307 36.2357
-44.4002 31.9018
11.6767 -20.9655
26.8069 -32.1935
-42.7311 18.8351
-62.5271 1.95853
-27.1783 -45.258
19.3142 -11.8264
20.8654 52.4864
-5.5696 16.4044
-10.7711 -52.4841
-19.748 -8.74656
-7.16947 0.0117512
6.27996 -34.2581
-47.9891 1.21359
12.7126 38.5392
16.1225 5.30109
-5.32794 -54.7076
10.4233 18.7722
-8.91297 0.209272
-28.7445 -14.6381
0.000828266 16.2145
-40.4794 -61.7707
-35.1832 33.7588
19.4062 -13.3579
40.8995 -78.3788
22.9994 11.1064
25.0623 54.0825
-21.3692 28.8556
35.8803 -11.4036
30.0847 -6.39631
-6.23689 48.1407
44.9201 2.225
16.8267 -9.64066
-32.2664 -27.251
10.4729 16.8422
-32.6964 -19.7521
-6.96001 23.4494
25.4111 -55.5265
-5.76158 -4.64429
12.3014 21.251
-20.3684 46.342
39.8988 -17.1939
83.7332 5.53698
-1.77374 -0.370049
-32.8833 -39.7286
-42.6011 -20.805
-1.7973 -0.145142
-9.42365 -37.6838
-31.9316 41.5012
-38.4052 -61.1635
18.1635 -24.0259
-49.715 20.664
33.6478 -21.37
-11.1117 35.4487
-5.35716 -5.63327
15.4112 -59.8955
-31.5155 10.0568
-41.1728 62.2766
24.7869 -68.3223
-12.6651 -34.5461
-50.1912 34.5408
-13.0568 11.0231
83.947 71.5451
28.5658 40.7107
-19.6654 -23.7954
36.5501 -50.9316
8.81751 -4.27054
62.7112 2.71475
22.0299 -14.9247
-46.0225 -39.4344
-23.9317 -17.5471
-34.6596 -4.49691
9.10204 -10.0516
55.6079 39.0347
14.437 -24.983
-5.23341 34.3858
6.27203 15.1827
-2.67109 25.1977
39.9435 -13.0188
85.7994 -14.5709
21.3756 -22.0544
-5.69833 40.9228
20.546 -10.4104
-45.095 22.7928
14.0641 -47.5626
-15.4179 -13.3712
6.2582 48.8545
-32.9259 9.10419
4.5932 -4.15867
-2.98024 72.9208
-3.11585 21.1888
-45.183 -35.5658
23.9409 -2.36604
-14.8101 -24.1208
49.6291 -10.889
48.7752 -36.2548
8.93804 54.3335
-8.52811 -81.1484
30.7483 -15.2881
7.37856 -17.1223
5.76542 16.9957
18.4636 24.6502
-24.1022 3.24062
60.9839 22.8927
-29.7896 -37.8972
95.1122 -29.1726
-62.1685 58.6361
52.0897 0.597191
-16.5061 -72.8092
16.6354 -2.61002
109.732 11.0467
37.7274 -61.3154
25.6256 45.7918
-42.7087 -9.36306
-57.9285 -21.706
-54.2847 0.663185
22.0579 34.2025
26.2369 -4.85308
29.5479 66.9546
43.003 64.3464
49.0531 9.5541
-4.89106 16.3493
-36.2621 2.66206
78.2849 -35.9312
-78.0588 -16.0231
-39.6942 25.9335
56.1048 18.9027
42.4396 19.0637
67.5247 -43.8481
30.3796 -36.1243
-36.2589 41.0592
-7.48805 -33.2601
-54.2865 30.2336
-47.285 27.7986
28.709 22.9347
-17.2268 -13.4351
5.47543 52.4547
11.4776 5.10891
51.8454 -37.8413
-59.7462 38.205
11.1726 7.26137
6.85179 -3.39946
-47.28 17.024
37.821 -40.6702
-57.8203 5.82644
-12.5559 -11.2772
11.8674 -39.3164
-2.25481 -2.19918
64.1006 -51.8754
11.0387 -17.1065
-31.2383 -34.1481
-43.9544 -52.3782
-60.5045 -66.6561
-42.6033 -43.1005
-63.3719 58.7815
21.8216 9.83688
40.4051 -8.36009
26.3767 -33.5816
-95.8437 0.150094
-1.98921 9.29927
11.2547 -67.5646
54.8596 -22.9409
49.3514 3.24881
-9.89447 -14.6257
1.4516 101.832
-4.38142 2.64229
-50.045 -34.452
-15.1883 -20.2607
-24.752 23.7609
1.65296 -45.431
29.3968 41.873
10.7968 -60.021
-9.42431 5.86739
-19.914 20.4431
16.3322 -22.6163
30.348 -49.6115
59.5342 11.824
4.2351 1.43942
37.8783 -15.8125
37.7061 -51.7512
-9.96477 -79.9627
-2.67284 14.0853
-65.5348 10.5855
51.854 2.04459
-11.3309 -34.7986
66.8116 8.09942
4.182 18.7258
-40.0819 -27.4019
89.5434 18.9122
-18.8607 35.4924
34.6139 -45.931
-35.2955 3.62999
-37.9435 23.5833
-34.4683 -24.9796
7.83074 -31.9527
50.6322 -103.979
67.7949 9.98599
-12.6915 -53.1238
87.3343 -16.424
-37.9331 -112.042
26.777 -13.9964
8.57923 35.0824
-6.74653 11.0586
26.5326 46.4288
25.8561 4.19413
-35.6416 -12.5885
-51.6118 24.3627
-51.1857 17.5564
-0.598062 133.395
-8.25262 -15.5111
-9.32912 59.9341
41.4411 28.0707
18.1253 -47.9257
4.57388 10.848
-51.9946 -133.441
-20.4075 13.9289
-3.39227 24.8396
-27.8237 37.0529
-39.03 -10.1755
34.4004 37.547
1.0866 -22.5716
26.0752 -38.2886
42.4459 26.8049
40.167 -24.609
58.4254 -58.2461
-41.2141 -37.4367
-57.4242 -31.6231
37.5084 -13.7891
-18.1828 -22.0157
-68.6376 -26.6404
27.2531 14.9846
0.122143 -44.8793
-22.655 51.814
7.61419 40.6235
31.9308 -29.0265
-3.53649 -11.5496
24.238 1.26751
46.1763 -33.4471
5.74869 -48.3951
-13.8297 -36.5178
9.65567 48.5057
-23.1494 -11.4272
-16.1827 -12.0418
-38.9148 42.4099
-26.4548 32.2761
-55.0039 -12.9315
-17.9631 20.7135
7.79233 6.49503
-15.2116 41.4295
13.1168 -28.4588
-11.998 6.60592
-28.8521 21.8922
-33.905 6.06416
38.9983 -10.5524
-30.1298 4.61758
21.5687 71.3941
9.48342 0.558936
9.39435 -10.9947
-44.7148 36.753
37.2414 -24.1312
15.1622 8.47454
90.6638 22.0746
36.7883 17.9139
-23.9086 -84.2724
-41.9427 0.576994
-29.0017 -71.9222
15.8899 9.89235
-44.1586 -17.575
28.0373 -1.45282
54.1629 -23.5446
-41.0162 -11.6904
-11.3469 23.2193
0.557632 41.4131
-58.0609 -18.2279
4.75778 -64.3234
57.2903 66.9129
14.5928 65.1367
-66.3566 7.04264
2.4301 23.3118
21.6243 -63.9898
38.9752 -36.4501
72.9195 11.1859
-45.0954 -3.39368
-21.7963 0.941242
-46.3933 53.3795
-57.9013 26.6387
3.70971 2.95998
37.0939 -16.6961
36.8723 -63.1318
-65.113 14.4909
-35.7804 -18.96
42.523 36.0831
-3.83905 -6.56325
12.6176 48.6197
-32.7409 2.53623
-10.5906 71.9132
-8.60486 -26.1299
54.003 13.8744
-50.478 10.7054
18.7604 -42.6689
-68.8049 -11.6118
89.1652 25.5963
-9.22028 19.3031
14.0913 -34.4399
9.57523 -8.50609
-32.0849 37.3828
14.0376 -47.9498
-24.3189 61.0586
50.0391 45.4191
-53.5843 32.2846
11.0447 -21.0708
42.3424 -19.3748
9.33036 -9.75084
6.83838 -137.292
-1.74347 -21.1621
-22.5367 28.1703
-21.6441 1.85778
18.3209 -33.7748
26.4453 50.5854
-89.1625 -1.75044
12.3985 -4.2954
-89.7017 -7.65203
-40.1791 -15.0137
-20.8235 -24.9355
36.5529 20.4654
-14.2528 41.2659
58.1695 -38.0971
7.12939 4.46084
-85.258 -1.96118
-25.32 -21.066
-27.4088 61.8286
-47.4544 0.609922
-9.08671 -23.376
38.5737 -29.4802
-18.8489 10.1691
-25.6461 18.4354
19.7921 -40.4776
34.0147 -1.52977
-16.605 -1.31238
39.5831 16.2271
38.1331 28.4204
21.3741 -37.1721
45.1399 20.6971
13.8632 7.92427
59.4116 -15.4086
57.8894 -23.8199
13.3054 -23.5682
10.5718 0.429124
28.8209 19.6804
35.6918 -19.1421
-8.20845 -26.8062
4.04559 -35.766
33.8723 -55.7619
11.4141 54.5013
-25.0852 -38.4317
43.5402 -0.0949697
-77.3019 -67.6882
-40.1182 -3.34403
-18.7454 -61.5423
39.1891 -34.4004
-26.3008 -6.48474
15.4456 -48.0994
-1.21625 -27.6955
-4.20926 47.7951
4.63998 -4.05191
-0.237106 -55.236
11.9757 -19.4113
-20.7799 -21.556
-49.9693 25.6572
-10.4914 -88.1641
-22.4529 -45.0601
8.41541 -14.7807
-0.275892 -57.4887
-48.6096 39.8822
-43.9565 21.1681
4.67407 -28.2672
93.8305 -26.8882
-25.3619 -11.5398
-12.649 67.5809
-14.0755 -23.2033
-38.1018 31.5681
-38.4724 -37.746
69.3843 55.0662
71.2676 56.1022
26.6213 65.1396
-56.3995 -17.417
51.2334 87.7481
-39.9988 -59.231
44.3327 31.8255
21.3804 -28.1268
-27.9771 -9.87207
-8.93194 -0.535347
-9.48721 -16.4247
-23.2883 -32.3801
-45.1559 -31.2148
-56.1462 -39.9966
5.52788 19.2354
-4.00923 77.0312
59.6377 32.3655
31.008 -15.3274
27.9071 50.7769
-77.5031 -59.151
-10.6474 85.6702
8.63471 15.974
33.6341 53.0366
-4.15862 26.235
43.9688 7.92187
-76.8934 31.7831
-26.5638 -33.3372
1.96692 36.146
-20.836 2.44983
25.7164 2.10065
28.9715 -3.59938
10.4596 17.7473
33.0733 30.2625
-4.94457 -24.8058
-39.0246 -33.8659
-15.212 35.5354
38.1919 -70.1151
-33.533 36.8306
44.8575 31.6538
10.3583 2.91428
-31.236 5.29955
-5.83817 -22.4326
47.7057 34.9652
-1.2843 10.4264
75.8821 5.1178
29.1485 -41.1072
-32.8174 -8.70282
66.951 -8.38803
59.1052 -4.07153
71.9586 -27.5496
55.6306 -83.169
-22.2688 2.65935
33.1562 22.1694
-0.913673 -39.6771
-3.26237 54.1575
-14.0753 -1.66353
-19.3038 11.6189
-50.0939 5.76696
26.8513 9.45647
-8.76864 47.4684
-16.6681 -4.734
-34.7253 35.0849
-57.8982 -37.4332
24.1002 -47.9382
-7.93167 1.33145
-2.09909 -10.8467
3.64864 -0.180361
4.83044 -0.821586
-47.5727 -22.235
-17.8385 37.4254
43.0615 -24.5831
-24.692 -5.5847
-5.22144 -30.2331
-29.6861 25.1793
-70.7581 -6.79056
-1.78726 29.0414
3.02711 19.0414
-19.1637 18.2075
-68.5241 -9.79762
2.13878 -68.0196
36.3229 -1.80783
88.5739 11.308
-30.3054 -46.9935
0.469246 12.9903
-18.0962 -13.1561
25.1363 -0.308028
3.78752 -32.8185
-51.6155 67.7555
-35.3765 1.75296
58.4455 26.6967
-24.4518 2.29466
32.7705 -16.3308
-26.0921 11.5787
33.7916 15.2924
-50.5238 -46.7388
11.4686 7.28061
22.068 -27.8469
-12.2385 -41.0969
11.0404 -53.2414
-0.895709 15.9105
-3.25113 -44.2108
-40.1534 -16.6043
65.4144 -42.7562
12.5761 -45.089
54.704 -51.5583
-56.7302 -10.4123
11.2597 -72.7822
62.0157 20.4234
13.0298 -46.868
-32.7943 -13.4779
45.3789 20.9708
50.9241 28.3961
14.0883 -7.51081
34.1348 59.9729
35.2982 -1.30842
-9.05311 40.9075
9.00498 68.9508
48.7412 25.8254
9.05097 -15.9592
38.7314 -6.80071
15.4809 -32.1846
2.31414 11.1412
15.5694 -53.7057
-74.1765 -9.17772
37.488 -49.5847
35.3447 35.0682
45.7395 -21.414
3.32292 -5.03758
39.3196 22.1257
43.9974 -13.1159
10.9289 -26.5111
-41.0308 -68.8359
16.6028 -32.3711
11.1379 3.1686
51.1737 -17.2945
50.1532 21.4453
19.4381 45.2533
2.47871 -15.8545
-9.3914 58.1803
43.407 -8.51536
-46.0369 0.67501
-42.7827 56.6363
-0.690769 -25.7273
-34.5938 2.50875
36.2296 -50.5308
15.5663 -16.2112
13.9968 -1.56827
-74.9196 54.5688
-1.97016 19.8499
-5.40862 31.7368
84.0219 4.84759
-3.12481 -38.6194
-10.2425 14.9853
-25.2785 -50.2156
-18.6875 -4.34381
23.647 4.9293
11.8272 -33.5888
-36.8028 11.2445
-55.4105 -27.833
-9.81717 -22.5139
-45.4203 -28.4665
18.1036 1.49543
-4.73821 1.58263
-22.1676 -50.6259
-49.9161 -18.0083
14.7734 -3.30125
47.8746 -12.4903
-5.04245 -35.5089
46.9776 -24.583
-27.4235 37.1934
11.5757 -16.8809
-30.9629 6.77029
23.3173 -19.6698
-20.8001 -19.7715
-113.142 62.6045
26.2342 -86.5297
-35.4111 44.7551
-32.3022 -7.99138
39.9751 12.9991
19.7211 2.34196
-0.747714 0.0958977
-39.8297 -47.1498
16.6142 6.69163
26.6833 -16.5117
-18.1424 5.08266
-9.59836 42.535
28.2447 -14.7485
36.0792 12.1757
19.7316 27.1032
33.2015 -25.7153
32.666 -15.3406
59.2317 71.9877
22.0951 -43.9574
37.7598 -28.8857
34.3087 -40.8846
-16.5643 -7.13352
-25.59 -18.0484
-36.1403 57.4947
-1.34222 46.2075
-67.3792 18.2338
-11.8262 -9.18834
29.0257 -0.514453
-25.1704 -61.7086
23.7223 17.7725
-60.5211 -22.4983
46.6073 -34.4527
-36.2848 -6.3316
9.70043 7.10084
-1.24767 -34.0634
-18.6601 -49.4187
6.95045 -0.648113
4.05162 -34.2318
16.4972 63.1803
21.3376 -25.7494
-4.64534 52.4206
-1.5628 -32.7896
-11.9954 -80.0154
64.2691 -40.4978
-2.72893 -74.2258
-32.0636 -27.9724
-18.712 57.5846
-3.02655 -18.7971
63.2885 9.27038
14.2334 -56.5384
-19.7925 -13.8126
-37.8501 26.7338
70.149 -21.9757
-21.1314 69.0203
9.55202 17.194
-7.37284 52.9391
13.8062 14.9625
-51.6455 -52.9821
-7.85625 18.4108
-29.0786 -1.45951
-31.58 28.9309
-74.2169 14.4175
29.2909 27.0653
-20.2023 -57.0244
-39.5745 -0.73528
-72.3601 -64.6999
-2.5128 23.9597
106.949 -86.6763
0.109772 -49.995
51.644 -13.8962
-25.5491 13.3875
1.5345 -41.3818
39.2879 -36.3171
-33.7536 46.5533
-34.1377 24.6958
36.3565 4.64132
29.1534 9.55842
2.06428 25.8014
28.3704 -27.5792
-26.1073 -28.268
-25.0315 112.742
11.8265 12.3717
-2.01291 65.0132
14.8047 3.99657
-53.9708 -8.19366
-4.938 -71.754
13.3704 8.03517
8.46499 -6.70395
-8.90656 -5.55567
-29.1896 78.9933
-5.03233 9.66458
-5.35649 -39.4743
-14.2913 -57.5333
24.8306 -30.7256
42.0128 12.4676
86.5454 -11.3093
29.5667 71.0004
-4.28951 -18.9895
-29.9063 37.6621
51.4262 23.9315
76.6358 18.7351
-2.33959 27.8133
26.1938 1.11488
35.5495 39.356
-15.1418 10.7185
32.7762 49.1171
-22.559 6.53902
-22.525 -36.3547
20.2396 -47.8936
42.2741 40.8744
1.73801 50.5932
29.9628 -32.0402
7.82402 -40.0206
29.917 56.4599
-33.8927 19.45
16.0591 -9.41477
22.7054 5.50203
-91.294 -45.7034
21.8567 -33.9358
17.458 -8.87535
-50.756 29.5234
47.9277 14.7912
-54.7439 -35.6241
4.36101 -15.9628
31.8066 31.0592
-40.8005 40.9053
-20.1402 -42.4798
18.9318 -49.2066
25.1208 -15.6576
20.1905 -18.0641
31.2246 -51.4649
-35.3377 -39.5765
-0.677385 -12.922
53.2174 5.52726
65.704 16.9187
26.7796 16.7858
14.2769 4.72623
-3.40277 -18.1028
-106.363 -18.0243
-1.93937 -38.0186
34.3183 -17.9163
57.259 -19.7126
-36.8131 9.79198
-35.601 -18.3155
4.58717 -11.0559
32.6229 36.2361
-29.4769 12.3046
23.8679 3.19228
-37.5843 17.6292
-4.89241 8.07763
-25.5567 11.3071
-18.6483 -21.1272
-25.9841 -36.1169
-45.1585 -14.5137
-9.38756 -14.5843
30.3966 -58.5835
-27.9489 32.2038
-34.3633 58.7111
76.2117 -130.245
-18.0029 -37.1518
-57.4263 39.3579
33.0369 22.8435
6.52111 22.7718
27.8754 -55.578
40.054 -13.0619
-13.8684 -16.8597
-7.19121 -31.4937
-3.81957 48.2823
29.5981 -20.0055
-16.0875 13.8984
-50.9048 4.91964
15.9011 18.4347
1.20876 -41.0209
51.2733 -59.1673
-5.7028 1.07833
-4.88783 -58.8236
-38.8821 38.6875
20.9917 -76.4905
114.485 -33.6869
29.0797 0.952563
76.88 -84.8825
-20.7277 -22.6447
-36.0251 -9.55639
-45.6578 50.6853
-20.8307 13.0306
-9.66227 30.1384
-9.69755 -22.5146
-34.7115 -61.9386
-56.3542 -3.76602
-86.7772 -88.8801
35.4202 -35.0519
-41.2099 -14.0494
8.98979 -27.5673
-3.59038 -27.2476
-88.5925 24.8367
-5.142 21.3962
54.0903 -28.4582
46.2848 45.5256
72.5065 -1.92079
12.6144 22.7581
23.1771 -18.5694
10.9597 24.4633
0.0671501 -3.7251
13.7129 -6.98232
-37.9408 40.6131
89.5972 68.3472
-13.1296 -29.3648
21.1419 2.15723
29.856 -54.5586
45.4577 10.6973
12.1846 0.317457
-34.9712 -10.5336
-53.2065 21.6625
25.0202 3.02069
109.433 4.23252
31.5317 12.5348
19.342 10.9307
41.435 0.196306
8.14071 -23.9317
7.41138 -33.9952
-11.0778 72.3463
-14.6088 -119.601
-16.3831 -12.2066
-7.99052 -17.7145
-44.4785 -43.2243
31.2822 34.221
18.8099 38.0076
-27.0673 18.7723
-31.9148 21.8342
20.9437 -58.9623
-10.9183 52.277
7.01024 -87.3344
1.04756 40.9815
-3.8793 21.6628
22.8663 -26.5814
-47.7476 21.3207
11.5944 -2.47788
6.57013 30.2297
-44.2293 26.0634
16.645 -20.4703
41.3304 10.1713
-16.9916 32.5694
10.8002 1.79123
19.5196 -40.4566
6.19818 28.4984
-37.1539 -6.69498
-37.4389 -30.3791
-7.14209 34.2009
-19.1326 -32.3634
22.28 1.62496
-22.8318 -92.0061
-7.04527 -43.4321
-30.2111 5.39926
1.03774 30.7466
-40.3084 41.0246
-18.785 17.4746
25.7769 -29.9666
-32.3944 10.9942
-1.54428 -22.8947
12.8596 -13.0769
-57.2084 -29.0795
-19.6415 42.115
-64.8741 20.3785
5.33428 97.9652
32.0845 20.2324
-0.240347 -30.2539
-67.7072 27.7779
41.7677 60.8693
28.6922 -7.861
-17.7119 -42.4968
-38.0166 -57.6128
-0.37892 29.128
21.5709 -5.71949
1.75415 -19.8599
-20.2472 -56.6107
-38.1018 -35.6101
-5.78008 15.789
-60.9098 57.1223
47.1671 7.65375
-29.6249 1.10116
-29.4197 -90.9673
18.7932 52.4661
14.7937 37.6562
-35.5056 16.0056
-34.086 50.6815
-29.9437 -36.0273
-35.3392 -38.4874
-47.6335 12.5916
26.06 -1.56209
7.77748 -34.9554
42.8727 36.6257
15.1911 -30.9566
15.7366 -9.64435
1.49041 -31.7802
-16.8033 -11.4714
-92.7224 21.9901
51.7917 -18.1564
-12.3963 -50.7829
12.8563 -31.953
-56.6241 -36.0427
8.75132 53.8554
25.782 -17.4617
-6.85523 64.7961
45.1461 17.2574
51.3223 -17.1938
7.06116 3.18966
-89.7767 0.126276
68.9097 -11.3202
60.0795 49.294
14.0126 18.9159
60.6574 -66.8082
-43.2011 64.9351
-29.0204 -5.84795
-10.6753 -46.5166
-5.56611 -31.9073
-2.45929 78.3416
8.48726 56.802
-86.9089 47.2404
-31.1409 -26.141
-10.2999 57.0856
-57.5268 -8.11089
19.3821 39.1075
41.8028 -15.7633
26.4338 -18.4773
-6.54289 -47.3555
-15.7554 84.7147
25.4897 22.5732
-89.0489 21.2805
-25.711 -13.8727
26.3464 0.270014
15.4745 48.2443
36.7506 -0.394321
-20.8803 -14.8732
-18.6891 60.0482
-24.3645 -4.32916
72.4927 20.9351
-39.9166 -0.809126
64.2644 55.094
15.2431 -1.52524
-9.21238 -9.41331
17.9688 -7.87009
5.65531 17.8349
-28.4756 34.2222
78.2033 20.1467
0.145239 4.16718
52.4602 -26.9902
45.6926 23.6298
10.1406 11.9827
-17.4324 -52.5703
46.2318 -67.0866
-3.57213 4.84064
12.1263 4.46984
-29.3955 54.3024
-50.2609 -5.48607
-58.5977 37.979
-9.55725 -1.99961
-28.3886 50.3423
-71.1804 15.626
96.1458 44.389
5.05218 -5.07557
43.8163 -29.3184
-43.0176 10.7324
67.0572 -64.6279
-37.7074 7.01479
-17.8639 27.861
7.87047 66.9062
-18.4517 52.6861
57.8648 -44.1592
18.4872 -27.9131
8.42571 -16.5225
36.5431 -69.8234
-59.8191 47.7704
-24.9902 86.1765
19.5307 -53.7062
22.0323 54.4998
-15.7832 -19.3654
-17.9241 26.3112
27.2433 -54.6058
-9.26826 79.4345
21.937 13.9654
-19.3006 -82.8513
-1.67293 136.127
-31.0282 5.78901
20.4805 -5.73795
14.7441 -118.826
-31.1836 22.3894
-11.0107 33.8565
-24.8916 -1.46691
21.3469 -5.68788
44.6934 10.3372
13.662 11.919
13.8808 -73.8443
-5.4796 -36.0454
41.8073 14.7034
3.7681 4.18405
-43.3976 3.6209
15.1993 -30.128
-6.33033 44.374
-9.31996 54.6402
-11.3693 -28.1022
-32.351 -86.8798
26.5282 55.3604
78.6995 -65.6724
-13.2678 31.922
51.1262 -25.275
-34.7631 -0.507999
7.33799 -63.9423
23.5507 65.7442
-48.3793 -53.786
43.2915 -37.9735
15.2734 76.933
-41.0613 -63.1781
32.2582 14.9056
27.4701 4.04779
37.8377 -14.214
-46.4818 5.33674
39.2831 47.0196
-12.9398 28.0876
-30.457 79.7295
24.9613 44.7802
48.0562 10.6181
30.7146 -11.3327
-12.8956 -9.71952
-5.15034 -65.6263
34.3242 -3.00393
-40.4929 -15.8308
-6.83279 17.0233
22.3222 19.4543
58.1349 -53.6253
0.103693 -13.5593
-12.8377 6.98395
30.9853 -22.4321
-51.6574 -58.0664
-3.76882 -5.06098
17.7252 -54.2809
-18.6649 59.5814
13.2908 -16.1382
-18.5802 5.87618
-39.7705 85.8465
31.6821 32.4628
18.9516 47.2884
28.3091 -22.7169
40.3137 24.7698
36.6515 -17.8222
26.2066 73.4231
-19.5542 68.3792
49.448 -25.5352
25.9864 -31.0135
-60.5394 22.1014
77.6169 -7.42927
26.2608 22.2288
-23.3357 -38.8161
-0.977964 31.0475
-92.524 -1.70803
-23.8231 -12.2135
-11.0001 -66.5613
-17.4052 26.5454
-16.3087 -25.6752
71.9755 -15.2495
-124.837 -6.9777
1.01428 10.7824
48.308 -37.6366
-33.8075 -33.5185
3.0431 -8.74263
39.2314 46.417
33.3377 -2.44208
-1.28197 71.6529
75.1156 69.9556
-106.848 3.06704
-3.2337 -22.7616
-39.7242 21.2842
-25.7481 -38.7699
39.6678 30.202
-39.2641 -9.18528
-15.8505 -79.2199
11.2735 73.7782
49.1625 1.50312
20.7556 42.4101
30.9366 -28.9469
6.08939 31.4602
27.1747 67.8447
-20.5816 -42.7058
-12.2942 -33.4864
-16.5356 41.4331
-88.4039 13.2396
10.5234 -29.3587
42.169 13.1442
46.599 -60.0167
60.2481 -25.5847
-15.0034 4.84177
-32.1693 -10.833
-24.248 86.0596
-30.1382 -75.8906
12.6818 77.7459
-28.7374 -21.3901
44.8318 -2.65563
3.689 3.81494
-28.9214 0.317857
2.44434 41.6207
-15.7482 12.7656
-41.6093 -23.9709
19.5755 24.193
-17.1144 35.322
-5.51615 13.2655
11.9408 25.9077
-50.3383 -23.1535
20.9909 -13.8622
-30.4349 4.95838
16.56 8.93825
14.9725 32.5258
-10.3806 -5.79788
-7.2155 12.1064
-27.3767 -101.254
27.3729 -10.2417
3.96229 -68.527
-35.6606 7.47008
12.1544 14.7546
-56.3022 -3.51111
-36.2581 -73.5396
0.0984221 -10.3399
-30.1428 -23.195
-18.6657 -5.46667
45.2732 14.1684
-23.7029 47.477
-54.5432 -1.31083
43.118 58.1082
24.2422 -4.26266
1.69872 15.5291
55.7674 59.1773
-25.1109 45.6127
-76.8868 98.6425
-18.29 57.8975
-15.4876 27.3326
-18.7527 -16.3289
-49.1555 59.8575
-12.485 40.9995
36.7113 83.4582
24.6263 -56.6851
-7.97864 -19.7339
20.7801 1.16897
7.64784 36.7643
-12.9937 -27.9134
-23.2827 -26.0597
-35.2426 -29.6122
-26.2138 -10.9499
-22.0179 24.1824
40.9782 -44.4894
14.7947 -23.9317
-40.6173 -65.9824
11.8489 -12.9841
-26.2279 25.5108
-54.1311 -9.81136
-3.42326 -42.4966
19.8763 25.3849
2.56247 -15.3003
-4.27937 46.7739
-45.5074 -47.0887
-37.9982 24.5424
-22.8247 -9.43108
-44.378 -13.3688
-63.4117 -3.49892
11.3057 -12.5642
31.9974 53.6468
-7.58987 -31.8
-2.73359 35.3679
-50.8427 56.694
-0.751852 60.2809
-35.0736 -31.5188
5.11021 -8.30952
39.6238 14.9972
-31.1081 -40.0131
-16.5427 -12.4431
-28.9056 1.91928
47.1917 0.586178
12.1958 38.8826
-24.6539 -22.5866
2.33279 34.3116
-51.1935 -21.0542
23.1871 49.9154
-100.24 8.52312
-24.7011 47.7646
0.499872 -23.6424
-22.8049 -14.4354
43.2945 -31.3271
2.56976 -17.0319
35.9286 33.805
-34.5072 -39.6791
10.9262 30.7296
17.7831 -65.7853
-30.5752 4.90891
-11.3985 -13.5178
-45.6146 -91.4054
-33.6662 52.0815
21.5674 -19.9265
-14.8825 20.3752
-59.5262 42.23
4.85129 32.4298
13.9776 -13.1765
46.9864 -8.26994
-20.4335 -4.82034
-21.1625 71.4599
16.6419 -22.0563
-12.2851 23.6192
-0.352287 -34.8482
64.655 -51.8378
3.97031 8.3869
-1.72015 22.3019
2.66475 30.6614
-22.9466 -32.39
-39.501 -36.3147
-19.0845 63.6293
16.7297 45.1003
-55.8659 -11.3157
-13.5482 -7.91769
12.3754 -18.7503
-13.5759 -68.6819
35.5407 -11.343
-2.89169 15.0566
-29.0388 -13.0596
0.51301 28.05
-12.8757 44.017
4.4732 1.70229
-4.58285 -32.4803
-50.3133 2.91419
40.1242 3.1714
18.1478 -18.8814
-32.2877 -19.7207
2.05095 -6.59296
10.255 67.5043
-18.4492 16.0266
-49.1889 7.28245
-27.9928 -4.34354
-11.5294 19.2446
49.2307 36.8105
16.3093 -10.5681
-2.42943 -11.4157
48.7707 -28.0141
25.2508 -10.692
-39.6958 24.8682
-42.711 55.7612
35.0785 14.0141
30.4127 -21.532
-13.2916 -27.4629
-1.65377 1.29769
24.4717 -15.9965
25.1543 -38.6894
17.6404 37.1356
0.856472 -29.7657
-48.4136 46.2004
-6.50777 -2.53708
-56.7887 56.3665
43.9631 35.7266
-28.3863 26.6349
-16.5372 -101.845
-1.83238 -3.4078
-3.24441 -27.4138
0.32074 11.4944
-3.32724 66.0254
15.8458 78.685
16.8043 41.9167
-31.1891 55.8783
38.5829 -39.3751
11.9049 -24.5762
26.8236 45.0585
9.64344 22.5759
40.6327 -28.0171
55.795 -53.5655
49.0429 -33.9016
-3.67978 -25.1387
-89.1649 -14.5043
-27.5632 -42.9659
-50.6517 1.95611
23.6383 -4.48896
48.7788 -84.1221
39.2455 66.794
-44.3979 16.9698
-24.9434 36.3315
78.1122 15.0898
41.9248 -82.7219
5.49114 25.487
26.4954 22.5682
22.7445 11.8428
42.1676 -12.6617
8.29773 -33.358
-44.7225 -57.3586
-4.57185 44.5644
41.1642 54.9169
22.6843 -15.2145
-24.4818 43.5911
-15.7892 4.64761
-37.4863 58.7497
-6.42325 50.5374
-12.3838 -24.1415
-28.2043 -3.94515
16.0465 -32.2913
-2.54528 49.1532
63.0169 -22.8051
-27.9655 -11.6593
-72.5724 -37.9163
14.0677 -42.4681
-5.30866 42.8312
-15.537 10.6154
12.3339 -15.9656
57.4814 -7.02048
-30.9795 11.1859
39.294 9.40236
-16.5312 -7.25944
-1.63726 59.9376
-43.5829 10.7921
85.6047 61.6028
-93.8454 -10.3535
-22.5219 52.4231
-34.4748 63.4746
80.8044 55.275
50.9833 16.5568
9.14293 6.54997
39.9145 -37.4379
-32.1813 31.6746
-5.12561 26.098
-13.8359 -33.4723
-12.2593 12.0962
-45.6328 -45.6638
8.67361 -40.6076
-31.9145 6.18923
-21.5342 -19.4812
18.3139 25.9769
-67.7747 -93.6095
-9.51258 19.7365
-24.9909 -28.4485
-48.5394 -51.0576
-15.4867 42.8651
-40.3417 -68.5281
-3.13386 -35.726
26.6278 -15.2957
-11.4795 -36.7345
10.0419 10.8955
11.8208 -36.7996
44.1841 42.8702
-20.5756 -10.7765
-26.243 84.0665
-29.5969 -77.9911
15.5511 -74.8052
-13.4919 52.9719
47.515 -22.6988
-15.9223 -21.9833
5.24688 -80.3084
38.132 7.80564
-22.9264 28.5728
-28.1904 -39.1221
17.1081 38.655
-25.977 -10.9782
-41.1082 48.3605
-58.0894 21.1162
34.3638 3.30342
-37.1494 15.9583
-32.7408 52.7468
59.9164 -27.0989
-6.01935 47.2126
16.2481 66.6415
24.232 8.21132
22.7434 -45.9745
-39.2587 -94.5172
24.4437 -20.9089
-49.0416 4.65973
37.6491 -78.8393
-75.3456 -17.5969
-37.928 25.8526
20.2333 37.3137
21.2929 -14.3312
-29.8448 3.57099
70.9373 55.0809
8.52086 -10.4553
-21.5652 83.7981
-31.7785 -17.2423
52.6534 -25.8766
-75.3586 -44.2299
-19.5003 -8.34212
46.2999 -90.2808
-1.77077 32.2762
-10.8389 -33.7459
-20.9935 -40.8542
-46.0436 -17.557
-60.9178 -78.2506
40.3991 -19.4634
17.7043 83.2038
6.91577 49.0306
32.8386 -35.4693
-18.8736 -33.2303
39.0988 -29.4246
28.3738 -3.20837
0.311015 -62.2684
37.7268 8.86914
-28.4775 -36.2411
-37.4381 62.2867
-22.1405 -2.27508
66.1761 -37.2343
21.885 11.7224
40.7799 -54.4847
-28.6244 48.7272
7.17199 18.6365
18.6782 -62.5525
-47.0208 -51.1744
-56.8986 17.0989
7.78837 -8.46372
5.77057 -19.7575
20.3583 -47.1748
39.1785 -12.3944
11.3385 -26.7861
37.519 19.7808
-24.1581 94.3037
-14.774 -36.5888
62.7654 59.3203
5.52662 30.9764
-62.3557 37.1056
-33.3278 33.1478
5.80709 -20.1968
-24.5423 -0.637825
-1.1193 13.7086
-58.8334 -4.10615
64.2422 -40.6716
22.31 7.04864
58.2855 -40.4898
-3.90713 -104.216
5.77154 -10.668
26.8842 46.1758
-7.43799 -31.4826
50.4516 23.5393
1.58504 14.1114
-24.0513 -40.5034
-18.0247 120.762
-65.0106 0.0663338
-27.6877 -72.9318
-30.3637 -25.2084
-59.1576 13.0759
-67.7143 -24.011
-19.2464 35.7013
-4.19605 -39.4865
79.4782 -25.1877
7.76898 -12.7263
-55.3815 66.4298
-26.0404 21.7913
14.5678 19.1517
38.2372 -33.4562
-69.0071 8.47536
20.9067 -32.0148
-38.2656 -62.0024
10.904 17.7823
15.6547 -34.1773
62.6991 -30.7981
-70.8976 -1.94446
62.7063 -18.3377
39.1102 -41.306
-1.28092 -31.0444
40.1914 -14.6514
-25.3252 -32.0893
35.2705 3.25767
-4.77419 16.5047
51.6828 -66.5404
-64.2166 24.3452
-11.1179 3.24805
-14.2855 -10.7195
-47.721 -108.569
15.4518 8.38893
-66.357 -14.2827
-20.9005 9.30213
32.0635 13.9258
49.1195 17.2488
-2.66255 6.68906
-12.726 19.0902
92.7851 77.8696
-60.1837 -38.1942
-12.8559 -39.4044
26.1209 26.6689
-10.3649 -12.9422
-25.613 5.87246
21.4229 -11.9919
-79.4736 -37.916
24.5591 9.69215
7.50383 2.52761
5.72675 -27.1964
10.1494 -12.081
-8.23032 2.20298
38.507 7.60246
-53.3618 43.76
-31.0005 21.1712
-42.5811 -10.1965
13.1018 -39.3053
40.4601 36.7392
48.1127 -66.5249
-9.1515 -28.5081
52.011 42.026
1.72619 11.2272
-24.8995 -66.4562
43.7684 19.4174
-33.7963 15.0727
11.5422 25.0813
-47.5512 34.842
-74.8562 86.2457
20.8359 -46.9119
18.9835 -20.8514
18.2994 -22.415
-40.1312 8.74482
36.1389 18.0699
-4.67906 -48.6532
31.9372 39.833
23.394 43.6038
13.5621 35.3868
30.3166 4.35803
44.3017 46.7546
2.91729 0.949625
-45.5276 -23.7502
27.7169 14.7439
-20.252 27.9377
35.9446 53.0921
-63.712 -46.5846
-53.5355 0.567646
-19.9798 -49.0803
-1.49533 -55.0896
-18.2485 -24.9773
-38.9574 -6.23894
7.34654 -13.1357
-6.31764 9.66894
-7.09772 -51.5457
-45.8611 -21.9465
-54.8282 39.1434
-23.4385 47.6531
7.47264 -10.4727
-21.529 17.8162
-49.7046 68.1577
-58.0698 -43.1531
-51.7064 70.194
-38.6852 -3.35673
3.95973 1.76126
-5.73756 7.647
64.8244 6.93127
-6.64895 -17.3911
-14.9605 -28.7079
51.1861 31.5434
51.384 -21.9447
6.87866 60.5761
7.10101 -28.6177
0.129988 -2.45892
-26.55 -29.3339
-55.1822 -7.53123
40.662 -30.3009
-21.9154 -67.7459
6.19387 55.0638
-3.4313 4.10288
32.3431 -61.7923
59.378 3.58682
40.1278 -69.1826
-10.0109 5.8024
11.1995 66.8962
61.7975 8.49727
-51.0436 -64.502
39.1493 28.8713
-27.6927 -1.60165
-24.2595 44.8654
-8.97666 -22.4998
-9.18633 5.72061
30.1662 -38.4425
-34.6373 -15.9644
5.93084 23.1506
12.4958 -5.55864
91.6037 9.05893
33.9235 107.633
6.7737 74.2062
36.6272 -3.85713
16.7794 -14.7246
30.5104 27.1964
-30.3231 -32.9731
26.4522 -43.543
17.3854 -3.89313
58.5656 14.8506
15.2924 -12.9959
20.8174 -38.1641
-5.60586 -33.3346
38.5598 -20.9473
25.6811 40.1966
-26.5252 -3.91495
-19.9992 -27.3099
22.2538 -7.35183
-4.58784 -12.1759
-11.8594 -31.6637
59.2522 -54.3769
-27.7173 40.8219
11.8836 102.355
11.0575 43.1826
-7.89712 16.2904
-14.0578 -35.2593
11.6243 -10.8115
2.05013 60.4037
-13.6448 -47.2767
-14.4527 42.5827
35.1682 -75.1374
-10.6517 17.364
34.0817 -24.7583
43.2062 24.3497
-1.68384 2.36376
19.9504 13.6841
15.066 2.71864
28.6637 85.4981
63.6312 -11.528
-67.1303 -3.28419
15.731 -15.2388
81.9559 14.1428
41.5077 -35.0056
-37.7374 -70.4461
-5.91503 5.42375
-24.3365 41.0942
-47.8024 74.9169
-57.9557 -6.07578
17.096 16.2153
21.9834 6.00699
-46.2416 -17.8075
37.7287 -8.77052
73.8301 37.859
-58.1245 -67.9566
9.20683 -28.2199
-5.48882 -34.251
-60.7439 -15.2723
47.0643 3.22904
56.1584 -7.26203
13.2667 -32.9035
0.0224342 35.5682
-15.8872 -45.3625
39.8642 5.98345
-49.2591 22.2963
-12.5922 -41.184
-4.69033 38.0197
37.381 -40.6236
-20.2182 14.594
2.27868 33.3221
-34.6808 -16.2377
-8.11221 17.2106
-15.1546 -9.35181
9.50939 -12.1785
-33.2292 6.51911
-8.42012 -9.48284
31.9963 -42.4824
-13.5045 45.529
-3.9068 -20.1524
13.9082 -17.6147
41.9829 -35.6787
54.707 -12.8915
-14.2561 39.6632
-37.1262 9.87585
46.0366 -24.8708
38.1419 -5.06324
-26.2361 -20.3844
-88.1832 44.113
6.44297 39.0159
53.0982 12.7828
-42.9463 8.54309
37.1664 -55.8382
-36.0666 10.5575
30.074 -23.5286
24.2066 88.8814
15.3219 35.9807
18.4791 40.7523
-42.1627 13.4307
-41.8344 -28.6261
-65.9355 -39.5481
-5.14426 -9.57203
10.2181 65.3901
-20.677 -9.48627
-36.6851 -25.4486
-3.49339 -22.4665
93.237 -47.1191
7.58798 -34.157
26.7402 5.78721
29.769 77.8171
1.88102 -72.7251
34.6995 -53.4852
-26.4743 -44.7102
10.9854 -0.140503
37.4594 17.8408
-14.6142 -31.3305
-60.2861 -17.8256
8.72752 -1.74495
-44.5737 22.4994
83.34 47.4405
1.0626 -6.26624
-0.718379 11.3306
29.4615 -108.734
-21.8283 54.9548
17.6682 -56.6693
-17.8341 -52.0088
-43.0981 1.47825
18.2143 -28.4216
10.9744 -27.9467
-17.3146 -6.27442
-62.8998 -26.812
26.7711 22.8935
-8.9741 -93.7566
-85.8444 36.4717
28.3514 -25.6734
11.7732 -9.41409
-46.5615 20.3994
-28.3901 50.7183
17.1265 -34.0542
-10.3739 -15.9493
-30.5343 -7.81635
66.0518 -1.36451
-13.3702 -17.2299
73.9543 8.8608
-20.3408 0.960772
-1.70009 -59.7486
-2.30086 -32.4514
26.4405 46.5734
-40.0244 5.75951
38.5966 -36.3747
-5.74568 -23.6521
-26.4291 23.2858
6.96727 7.75704
3.80433 -31.906
-22.7801 -5.2131
68.3237 43.4514
83.9486 19.5212
-4.2048 57.1238
-45.2868 7.51188
-17.9841 5.21155
10.1298 -43.9813
4.85687 -17.6521
10.4482 26.8455
-1.25499 15.3591
53.9829 21.2281
22.1301 47.2189
-18.2703 71.8269
-18.1672 -23.6177
-25.1388 -14.6827
-32.3836 102.073
-2.54804 0.686655
41.6769 6.85071
-74.347 18.6664
-9.05627 72.8376
18.3409 64.2455
18.5006 58.1277
-17.649 23.3682
-25.2606 44.8342
-7.77853 -38.0902
-15.5898 2.60596
24.1048 -43.8439
0.558614 31.2552
3.37118 -38.3216
-31.8582 20.243
-40.297 -58.21
-1.29869 48.1173
-15.8306 -38.1187
10.2454 52.5406
-2.68655 38.0974
-24.9451 -59.384
-66.7358 16.4161
-33.7925 14.1906
28.1488 24.999
10.3653 -30.0682
-53.823 10.9386
5.08594 -6.88694
0.576756 26.654
-5.01011 -24.8424
-3.3504 -38.9684
-42.4203 28.093
32.9956 -59.8562
34.8088 72.5552
-41.9036 0.311167
35.5817 31.7233
39.4255 21.6819
10.3583 -4.63166
14.647 -5.79121
-46.1856 4.66309
24.3877 -27.6767
31.8303 58.2041
-39.2629 25.1404
15.2025 12.2236
-4.51468 -73.7327
-6.63431 87.9289
-66.0236 -36.8204
8.21207 -13.1782
14.1586 -49.5565
10.1813 8.35313
15.7238 23.8078
-40.1676 -1.22894
45.8711 7.639
2.50925 -1.72336
32.0982 1.31785
-38.1592 29.1733
-97.0375 -44.0915
53.9939 -37.4311
-28.0484 -5.3808
5.20375 10.1757
-25.5781 -77.6552
-23.666 20.423
13.4195 -34.8457
79.9859 -5.78305
4.66478 33.0928
-3.06386 7.98257
-0.989087 21.4775
-27.4432 20.1287
63.3023 6.96937
6.75441 -61.5984
-91.1806 57.0765
-54.8405 -8.39651
32.2418 67.9738
-54.8917 -61.7827
13.4204 5.53805
-27.347 20.0035
16.0964 -23.8186
36.9466 24.1979
-30.888 -18.2462
-68.9305 -38.5586
-36.239 -47.2541
15.034 23.3955
14.5421 -52.79
-4.29712 26.2724
3.03217 41.8623
53.2167 40.5735
28.9496 -46.4897
-6.9904 -22.712
-23.6743 -10.1152
0.752537 -51.6804
-6.93553 -26.2843
-18.0428 -34.9092
34.0353 -62.941
-14.9418 -45.9259
-40.3741 -1.55986
-45.3399 33.0193
-12.51 72.6927
51.7015 -20.1268
71.7728 -11.3738
60.1526 2.93247
30.7406 29.9439
12.8114 -92.4088
35.4718 45.7366
55.0671 100.206
-12.5789 79.9296
75.0738 21.1182
46.9481 28.8655
17.3741 -26.8972
-33.8681 -27.488
129.431 17.0665
-83.4831 24.2462
-25.8978 -1.92066
27.7766 47.024
-27.8094 20.1703
-78.6659 -13.0562
9.87714 -38.0822
-28.2934 18.7974
-15.835 -24.2094
-69.7281 1.27958
2.76818 -62.8814
25.2561 -59.207
-32.5721 -10.9977
-32.8394 -18.6552
26.8921 -33.7369
24.9249 -4.73234
39.733 -2.84154
-51.0303 -14.0469
-20.3543 -26.347
-63.6067 17.4073
4.42528 -24.4562
-29.7931 18.1225
71.2076 5.02985
72.8242 48.2949
-36.3634 -58.4751
-27.4732 40.4951
-22.8699 -18.5676
-28.9137 -18.6457
14.6253 59.9939
20.6594 24.4485
-16.1414 22.7413
7.14014 28.3208
-5.62274 -41.6926
-18.402 12.533
-52.9804 -11.1486
12.5406 -74.9179
-15.3537 22.8505
-4.06862 -51.9779
-35.521 -44.0527
-6.99859 31.3145
2.45702 21.9095
3.12517 -13.7365
-30.5571 18.6739
49.2125 1.94597
-70.5151 3.6913
-6.70367 34.4755
37.7139 78.5976
5.49641 41.7511
42.2624 7.98057
28.8666 -11.9079
-38.8787 5.68571
-1.93757 -67.6666
-20.0104 -43.8791
-43.2675 -22.6172
8.85815 15.7028
-3.19541 66.7081
-12.0225 33.3415
32.839 64.8657
-102.835 27.9785
8.67161 -33.252
-28.3485 -63.0404
45.1636 -10.2689
6.69639 -1.44712
-20.9295 -15.4694
-53.4688 -47.2013
-87.9584 -31.6317
-39.445 29.2865
22.0489 -26.5425
32.6691 13.41
8.4103 20.9287
18.1517 82.4694
28.6182 -26.3258
-40.332 42.7397
-74.259 -1.33503
27.5618 12.5838
0.764536 51.2044
42.2518 -102.914
-30.8107 -34.9415
30.9857 26.3683
-28.9919 -35.7151
9.68553 -52.3878
37.5353 -41.1726
-9.18733 -73.5807
16.5119 -3.09333
23.3191 45.9689
13.3341 -19.491
-19.3712 -9.32559
30.838 30.4421
-33.7142 6.2066
97.6777 -2.84588
-10.8354 51.9195
-15.5298 40.8671
30.65 -49.7034
-30.6942 -40.8679
-63.5664 10.3208
38.116 1.15085
-89.2929 32.1479
62.6446 40.5057
-3.03464 -40.1311
6.89379 16.4541
8.6292 9.6803
84.0536 -1.78689
-43.2303 27.3546
-2.23779 -106.635
-1.5589 -5.95927
-18.6675 -25.1164
-23.7118 -25.3437
12.3031 8.20527
-11.6977 -46.8878
50.3573 7.96523
-49.6246 4.25305
-18.63 -60.0451
7.05809 19.893
1.28172 61.3743
-8.12 -12.8962
-120.271 -3.39708
58.1358 -29.2789
-53.9674 63.4181
-54.3492 -18.2216
-55.2939 7.49135
-27.3919 -43.5121
7.45812 -23.3375
12.5391 16.5644
-66.2 -21.1901
-14.3615 8.37705
-24.0723 -29.7314
70.1165 -28.2224
50.8134 -17.1495
17.289 35.9004
59.4544 7.70562
25.2181 -17.9415
23.0926 -49.2703
11.9312 110.745
-2.10121 -38.4562
42.1959 -29.8005
9.33504 73.7926
63.7824 -2.80584
-38.7239 64.309
-1.50715 -2.3965
46.7731 0.629726
19.5691 -17.0219
30.8856 -21.1102
-28.9433 54.6681
83.0039 -8.84077
12.7169 -41.1336
27.5824 -28.1112
-3.65278 48.4939
-48.0134 10.7337
6.8168 -5.56296
-15.9921 11.1892
55.7512 -30.0059
15.9678 -103.647
39.4803 28.7634
-13.1912 -73.6492
48.2387 -10.3239
8.17628 -1.70839
48.2581 -6.83763
-3.18309 -59.1667
66.3129 -19.3154
-57.7395 36.8284
-69.14 -94.3223
17.6686 29.3
-2.96671 35.1115
-42.006 -28.1187
9.75903 8.33765
-30.5075 3.51004
-33.4332 -44.9491
-24.4938 -27.552
-7.27812 22.9121
-47.9478 7.14024
14.5615 33.8652
-29.053 -44.9717
17.2043 -55.757
-23.4453 -10.5414
24.2358 30.4164
-9.08498 -4.49457
31.8695 12.6357
-22.5842 5.24816
2.84061 24.0233
-65.6877 -11.6774
-4.32712 -19.9674
49.2882 -64.994
10.7509 2.702
14.3317 9.2515
68.747 -19.6393
15.8736 -42.3023
-20.9286 42.4876
-43.8614 -12.3072
-39.7259 59.8991
-14.3859 -57.6341
4.92406 43.1036
73.7382 39.2353
-7.95464 47.1054
14.5955 -61.6644
21.206 13.1063
14.0782 -45.0964
-10.6077 -20.9752
2.00645 41.4567
-6.32351 -11.3886
20.1777 30.3663
53.3217 13.4433
51.6711 -58.1221
33.9744 16.571
-17.9071 -23.8341
13.8742 13.2244
38.8372 -31.6162
-17.53 -25.065
-50.0018 -49.3987
20.645 -24.3481
33.3253 7.3844
-14.2385 49.7488
19.5919 -11.8072
-14.483 53.2866
18.5572 20.9494
-12.4825 2.50348
27.2355 13.6626
0.338585 56.3019
-16.2534 54.9252
74.2434 -16.8596
-34.3405 10.4553
68.2676 -16.4652
18.9098 -26.2182
11.9613 -40.568
-30.0681 2.37155
10.1697 36.147
61.9391 -77.598
6.46385 27.5608
-43.0905 33.7459
11.7615 -48.4477
-9.2664 -45.6579
59.7872 -0.513218
-24.6913 8.62055
-4.09918 105.526
68.6228 67.0205
-51.2412 10.0281
-19.8158 -25.3452
-25.6286 39.2811
6.52852 -16.3011
-72.6659 40.2952
-28.1338 -44.2026
23.6182 55.066
-14.735 35.8214
-1.27233 39.4753
-3.00521 16.3077
-15.0251 -37.7607
-22.632 -55.6767
26.7551 41.0087
14.0021 7.79191
9.74568 -6.58889
81.0367 -41.6059
38.1148 -14.8998
45.3167 17.6805
-56.2085 33.5148
-78.0657 -20.1576
52.2079 -33.1044
21.8803 1.82531
29.5102 -41.5677
12.0498 49.2478
16.0983 -2.53681
-2.85928 -63.521
1.34513 -1.4118
-0.562945 29.4006
52.5993 26.6315
-22.5217 44.182
85.0597 18.7869
-22.7501 -51.06
37.5322 -58.9831
-5.31537 13.8077
34.3997 -40.3885
-8.25722 15.4538
-48.5852 -11.2386
-23.2259 47.2739
-34.3663 32.3748
-6.05802 -15.2848
28.9793 -28.198
30.5584 -20.3178
7.02791 45.2161
-17.0016 5.18357
-31.7433 14.2355
-6.41163 4.03909
18.9109 -56.5164
49.1328 7.78183
55.4657 9.05115
27.406 28.3883
46.9218 20.6104
-1.77478 -13.9183
-32.231 -39.5958
4.65523 13.5851
-25.9422 4.48997
44.0935 10.2091
37.1713 76.0266
-58.5026 -58.1455
4.17987 -44.5503
30.4879 20.1432
60.8951 6.72941
-51.9512 5.18904
-48.1891 -8.40949
20.4427 -29.8134
-24.4451 5.10837
-24.7078 5.86715
-22.6351 2.85061
40.8724 -25.8975
-47.2187 -5.08545
4.318 -8.84465
22.4146 -1.83087
-10.4201 90.275
39.0808 69.8443
21.6172 -2.44621
10.2777 -50.1899
-10.9213 50.9611
54.549 20.7104
22.0177 -41.0293
39.72 1.12757
-28.8624 -70.3122
45.9204 65.6073
12.1201 36.0975
13.196 10.329
17.9887 50.3197
8.47563 30.0857
-70.1025 -37.6596
-2.48274 14.6524
-37.4448 1.96978
-16.9939 31.1279
27.1499 42.789
50.3524 -22.3092
-23.031 15.4059
46.0763 -40.4095
-18.8007 33.5334
48.1566 2.84673
-6.14754 17.5151
-59.2538 -33.4633
-65.7488 -7.47975
-25.6625 31.1226
-7.00593 35.924
-0.673451 32.9414
-0.89125 -20.2471
22.9194 3.25543
-20.1732 50.3727
-2.53686 10.0766
30.9197 29.626
-0.718748 16.1903
25.8126 28.0733
-80.2998 -15.4771
-23.6693 8.1107
-28.2791 -19.6545
-11.6316 28.1238
-22.4476 43.528
-36.3758 35.0027
42.4342 -48.5249
11.5839 -62.47
-27.701 -47.6226
40.5491 -34.542
-74.4714 -12.8077
-29.611 9.16835
4.04273 -32.4548
27.1578 65.8565
20.5978 -25.3272
-24.555 27.555
4.59763 56.8129
72.8637 -52.3648
-13.0079 -46.7177
-57.1527 -7.64048
-27.9721 20.2995
-10.7486 -7.89858
5.10913 -5.31615
14.4697 -35.9823
-11.5411 -17.0901
-42.6295 57.8316
-22.6455 -76.6245
30.6914 -48.9827
21.6341 13.4033
-19.3721 -26.716
-3.29362 46.7545
17.5225 50.6892
-38.3062 -29.6932
57.092 61.5314
-69.8889 -13.3412
-16.4562 -11.1708
46.5295 7.00504
-47.8993 29.1712
24.9797 62.1968
31.8861 -9.81858
44.9657 59.9648
4.28873 2.28376
-6.96591 56.7612
-16.8995 -9.93389
32.8018 37.4195
12.2572 -12.7052
-40.5227 -10.2112
-57.2273 -5.73234
32.0836 31.9335
73.8999 -36.7798
-32.8981 -2.00278
33.1843 -32.4349
28.897 -9.53433
-51.1192 18.943
-25.7107 16.3211
-15.6385 -33.3389
-56.0713 -48.3978
-4.26796 -31.3178
25.6204 -10.9696
19.0684 -23.0626
65.5263 51.4313
-64.523 -7.33342
-6.5336 5.44769
25.0797 10.9932
7.46861 4.54556
-23.952 24.1465
96.9 -26.9838
-7.70803 96.5207
41.5194 -20.4778
6.86959 -15.8012
60.8309 24.2413
-13.6406 8.35442
53.5991 -53.7614
1.57407 19.8679
93.1325 27.8492
40.9545 -19.6275
-46.1752 23.2987
4.31007 28.2174
-73.9584 2.22195
-30.4504 8.98524
5.76139 -42.7577
43.5018 23.902
-18.0309 8.11486
-37.9275 -39.4099
-87.162 1.57772
59.8793 -6.81924
-28.9206 -0.333199
-6.90312 -49.7223
-2.98444 5.38419
14.6826 -0.946553
-7.87039 0.51671
58.7896 -10.1726
-6.27858 -86.6583
-21.1107 13.237
81.6685 -8.34666
38.4188 -23.9913
-24.0102 7.03357
-8.87305 -4.39406
53.8309 -55.5799
-29.8963 67.4585
62.5099 7.47272
-3.21357 4.18307
102.444 -52.1905
-14.0682 -13.9668
-39.6925 -31.9137
4.96172 -31.4828
39.4058 -67.606
44.1503 14.9271
-39.5068 -31.4721
-9.68816 -28.6053
-29.8285 17.7888
-47.0325 -15.6633
-38.5982 56.0795
-36.0448 -85.3514
27.9423 20.322
-66.0164 -81.1774
-14.2736 -64.5321
-86.3271 -8.03683
77.2451 43.1068
3.61608 -11.9085
105.99 -18.1663
19.2527 -73.3272
33.775 27.3815
108.36 46.5136
-17.3149 28.2195
32.1563 32.1938
6.46259 10.9065
69.5742 6.83316
41.4188 7.20984
-6.65471 -44.2722
16.8671 33.7153
10.5838 55.7743
22.1456 40.7856
-3.15724 -46.4758
41.0764 25.0058
-40.2323 44.3848
7.96444 -24.9294
-39.4701 10.0575
37.6188 6.42414
31.13 26.6744
-16.8718 -15.479
24.2492 7.56418
27.652 10.5237
29.3903 43.5769
85.9007 -21.9525
44.4177 47.3605
-10.9949 -91.5158
79.9683 -9.41078
-9.56731 26.7332
24.6269 -30.439
14.7873 -24.2189
63.2939 -3.79521
-58.6381 4.78741
14.2324 6.16006
-21.0361 -53.3055
19.6387 -6.89096
-31.4351 -21.8126
-11.2209 18.5192
-14.8083 -12.5537
77.4735 -30.1291
-24.6488 20.7721
11.1041 5.65874
77.9882 56.1377
11.9492 -23.4535
-71.2237 -12.1377
75.233 89.4569
25.4633 14.3502
-46.9684 4.96953
9.35959 67.4248
-35.7714 100.432
-13.3239 17.2016
4.69474 44.5748
-54.9732 -15.9763
-13.3944 15.4653
-28.4809 -51.6516
8.60967 -1.03104
21.5224 -74.0726
6.40166 -55.6991
-34.2521 -13.6601
51.1286 55.4272
-31.378 6.51421
46.6652 -60.4925
43.385 55.3764
-11.1477 -9.85307
-60.7645 -17.0913
-26.0356 5.04406
-10.4247 -20.2115
28.4597 41.9254
49.7574 1.03617
-35.6855 -6.85834
38.9526 -8.70883
5.99224 -67.0308
40.7696 -10.771
-82.9205 -14.81
17.3868 35.6355
-38.1397 27.784
1.56796 -9.13699
58.8502 -39.7477
-85.3507 7.23633
-7.541 18.2696
-84.3979 39.2338
-4.40758 -0.618172
4.5435 -56.9488
16.8906 -27.1297
69.2944 1.64432
39.2644 25.5952
30.041 -18.1884
-17.1641 33.8085
-18.7309 40.572
-21.651 35.9815
3.49474 8.75449
-41.908 -51.7558
45.0255 -12.2567
-21.5291 31.5415
-32.9251 -25.3761
19.3753 6.91943
3.62264 33.4425
17.4641 5.65275
-6.16036 75.72
6.72338 -30.674
-28.0499 28.5006
22.5943 -19.1217
6.93496 -55.2904
70.3528 -20.4773
-34.8147 57.4612
-41.3906 39.3336
56.7146 -2.12904
-10.846 27.2704
36.6436 -66.3641
-22.2761 122.896
27.405 22.186
11.1733 -44.5195
25.6994 -30.645
45.4536 -10.6288
-14.3317 -15.3494
-6.71863 22.8275
31.8392 -43.0683
14.1519 -4.77603
17.0494 -24.7722
11.3656 -5.45989
-17.2516 50.6298
20.001 20.7923
31.4675 -34.5002
-38.4411 3.63258
21.8192 4.61241
-18.297 -15.358
17.757 -2.35505
28.1284 -19.2456
-41.252 -19.3425
-38.9605 8.64998
-40.7289 3.5165
23.1444 -10.8106
-3.79111 -96.6929
-15.7984 26.0755
11.5862 64.3081
31.6517 32.4484
20.5684 9.58483
7.66399 -8.08619
-16.2273 -23.1667
-9.09235 -10.6504
-18.3573 55.4972
64.2912 59.1487
-12.2685 -34.1689
42.7996 57.5345
10.0804 37.7072
9.65925 16.7227
-7.91646 -19.3219
-37.2516 -27.359
25.4632 19.2243
2.63574 -38.16
-3.8584 27.3841
37.8466 52.5195
-5.53886 26.4764
1.34384 -100.901
-11.8174 32.5479
57.5222 30.7665
46.5818 -6.18102
-10.8489 12.6959
69.1659 -57.9072
-23.1212 23.5958
-69.0142 27.414
-15.6908 -25.1473
72.1395 -10.2028
-49.3616 -17.5747
-39.8145 -77.5257
44.0963 45.122
-1.70282 -3.83775
-29.3851 31.5281
4.55938 48.9377
-16.524 -55.4506
-71.4858 -7.89612
-5.81651 36.855
85.3006 7.19331
-0.253979 37.117
15.48 38.9519
-12.1322 -27.374
10.7227 4.95712
-54.9813 38.0157
-37.4543 -37.182
-25.9169 9.71187
-53.1679 -18.5107
-4.43213 -7.06867
-26.7576 79.4956
-0.410664 -68.1359
-41.8399 27.987
59.4 -102.398
-5.81564 -27.612
-41.6058 50.1622
50.5432 -43.2427
-57.8902 44.9593
-14.3949 -78.8278
24.6625 -50.5913
0.289833 64.218
-3.78408 -63.9617
-18.0354 10.0161
-38.0641 -4.36711
10.707 26.4309
-26.5018 7.54394
48.3309 28.2664
2.4214 36.3096
-7.35714 -26.0579
44.5756 2.47147
36.418 -21.2225
51.5854 26.2915
-47.5167 0.14607
15.461 -25.3164
23.3031 -25.5609
-12.6253 111.545
34.2514 -13.303
-60.7249 -29.2358
-38.4939 32.5939
33.9919 35.7033
9.69003 11.8671
10.0033 43.0036
-16.9611 -7.48364
-88.4567 -39.7343
-44.8223 19.3388
37.1415 22.6308
-24.739 -82.8088
-30.9559 13.4536
-90.0235 63.9671
25.1825 31.2952
-20.6801 4.36088
2.3376 29.9849
5.99309 18.0436
54.8013 21.7932
-41.2417 39.2286
28.8661 -26.6153
-2.4897 -30.622
43.2929 -80.47
-15.9851 -7.00332
-28.4174 -38.74
-64.5718 -24.9491
26.8162 27.2734
-2.61985 60.6034
82.1929 -32.2535
16.2324 44.6117
-56.1972 -22.4231
-62.1906 -27.7298
16.6383 -5.58708
35.0118 17.4718
-29.2588 51.8983
18.2025 18.8822
41.5471 -35.3548
73.5749 -26.8777
6.02954 22.7369
49.5651 42.7508
-22.4832 3.33171
-22.8761 -24.6314
38.7431 23.9249
12.0719 -43.3296
45.4967 -3.63094
-39.3851 -1.32622
50.5044 13.2255
5.04548 5.06517
41.9039 82.9716
-84.6085 -61.9949
18.2568 6.06341
-26.6508 -0.430036
-35.658 35.5148
45.0074 13.3068
-10.0997 -5.79643
-62.1182 21.0798
13.3102 59.8876
-19.5916 25.0516
-23.1249 -7.23665
35.0625 9.55589
6.27074 49.0917
-36.3253 3.74498
1.17199 -48.6847
48.2801 60.8993
1.18396 26.9761
27.6773 -8.68386
-56.6479 -15.7095
32.2658 23.9148
-21.9887 40.3535
40.8291 23.8538
-6.99034 -2.33518
7.50738 -71.4644
53.3546 25.0691
-54.6 12.5978
97.7797 18.2287
1.6592 75.5391
-60.312 8.83219
-48.8689 -50.415
72.2436 -16.4259
6.24599 35.8647
35.6486 39.2356
57.6674 6.51961
2.05712 30.3019
-17.3784 -3.29685
1.04424 -36.7036
-3.55224 -6.54428
80.3271 16.5799
23.3731 -5.68098
30.605 21.3605
24.5143 23.2458
24.3542 17.1056
109.464 26.3783
-69.1225 37.9021
-19.8036 -64.7712
-38.3339 -10.9982
-26.4853 -61.3616
19.3717 -32.5268
-13.1229 -21.3958
-46.678 -52.361
16.959 -46.3713
41.2803 -45.3373
-8.04602 -26.6851
11.1826 37.0936
36.6118 -52.011
20.7905 40.8475
-47.4493 -31.6001
8.28583 -27.1885
-4.77056 21.6545
-63.3103 20.0895
32.2945 -12.9611
10.3722 41.3163
-21.2665 14.914
99.2421 -23.2269
19.4676 -33.3084
-35.1268 -49.3437
15.0226 36.5215
-10.0418 -1.79497
-80.1949 57.2438
-47.0064 -9.73723
31.6599 40.447
49.2239 -97.11
5.68394 -52.1297
6.86965 55.6024
20.5634 14.695
-38.3038 19.9664
-10.9472 -13.1741
2.09106 -31.6365
-21.137 -1.0068
66.3775 -16.7433
-48.1042 -41.0151
53.8418 0.0668602
-17.3449 21.394
12.8537 -45.713
19.0027 21.0071
36.3474 -23.8904
38.3138 26.641
46.1288 49.6408
36.9305 9.52787
10.7776 -14.0961
61.4465 34.9271
34.7371 28.7061
-2.91507 -16.5526
28.5278 -15.9554
-9.31011 5.78665
77.9503 -15.6826
7.6045 -1.39262
-23.9552 -36.6528
12.1603 -68.2568
-28.1687 29.291
-17.8635 47.5166
14.6319 53.3076
28.9878 -25.7792
-9.66766 7.52699
26.3488 22.3589
