3.56926 -8.26564
17.1311 -10.5267
-1.83693 1.97686
1.78207 6.35364
5.98358 3.33879
-6.42384 -9.71388
2.50869 -2.02524
-2.95041 7.10614
-2.56816 -7.42346
-2.3212 -3.7572
-9.54572 0.891569
2.83199 -0.253821
4.75406 -3.48324
0.439338 -0.513308
3.06615 6.5328
16.1947 6.395
0.39317 -3.72902
-9.60436 -15.3202
-4.26638 -3.07537
-1.076 13.7173
-3.15846 3.00034
-5.18233 -7.70013
-1.39347 4.01498
0.437769 -9.2659
-8.95955 -1.30599
6.3357 3.05268
6.58503 -1.64099
-8.27143 -4.30403
1.37562 2.63201
-6.11603 1.76163
-10.5992 8.60566
-19.4602 -5.43764
15.1091 -3.92496
1.32474 0.331839
-12.1897 -0.585991
-8.18348 -6.95412
1.09935 -0.12793
-5.81603 -10.3948
-0.344654 -17.9136
4.95889 16.4742
-3.05542 -2.18121
-4.58294 4.2724
-6.34364 0.719866
5.79462 4.6654
4.9484 6.68757
-0.807142 2.63592
1.29724 3.52907
1.97091 -6.98452
-2.12984 6.9905
-5.93379 -1.43333
-4.76604 -10.1909
-8.46296 -7.47583
2.81969 -1.59309
-3.64326 -13.3301
0.34904 -2.50985
-8.99637 -8.4721
-12.433 3.37791
10.5545 -0.525437
-3.96704 8.18074
6.71423 0.841147
-10.0348 2.66983
12.6566 -1.12847
3.21345 0.977596
0.0634378 -3.20774
-2.87865 2.04258
0.916011 -6.45303
-6.95393 4.34385
13.7502 -10.0736
0.123621 0.459055
-14.3522 -4.80865
4.62443 7.65512
12.0005 -1.21335
7.76137 4.01959
2.83352 2.82545
-4.84563 -4.05341
1.58319 1.97463
3.32701 -5.39766
-5.90794 -0.38977
-5.8613 0.403815
-1.84351 -1.43901
-7.43577 1.95687
5.18194 -14.5242
0.835509 -1.62069
-10.0622 -1.47759
-3.60167 -1.34911
-8.5854 0.97349
-7.52628 -5.41865
2.70893 -9.14642
0.0613542 -7.28118
-0.83151 -8.53908
-10.582 5.7462
-10.9493 -4.02027
-5.6594 -0.862774
-6.31205 0.963301
12.85 7.55298
-3.05597 12.6052
-5.41494 -4.48642
-2.14675 -1.22356
-1.92413 -2.87145
4.5615 6.98395
2.75019 -3.98434
0.35377 5.54491
-0.730253 -6.32962
3.79737 -3.58592
4.99974 1.67787
0.3111 -4.91639
11.6221 -0.0969059
4.09946 -5.03753
-9.48087 1.70682
-5.19351 -0.543166
10.029 8.07049
6.13644 -5.42728
-6.58283 -10.5001
-0.801499 5.99341
-6.16863 -1.64492
-7.97734 3.9592
-1.23803 9.0725
-11.6425 4.54605
-6.76973 -5.37023
8.87927 1.27861
-2.42507 3.86426
3.71236 5.29259
9.63652 9.47761
-3.39195 0.760165
1.21125 -0.840569
-6.51465 -20.4517
-2.22499 -10.7835
1.58562 -2.16074
