3.56926 -8.26564
17.1311 -10.5267
-1.83693 1.97686
1.78206 6.35364
5.98358 3.33879
-6.42383 -9.71388
2.50869 -2.02524
-2.95041 7.10615
-2.56816 -7.42346
-2.3212 -3.7572
-9.54573 0.891569
2.83199 -0.25382
4.75406 -3.48324
0.439341 -0.513307
3.06615 6.53281
16.1948 6.39501
0.393171 -3.72902
-9.60436 -15.3202
-4.26638 -3.07537
-1.076 13.7173
-3.15846 3.00034
-5.18233 -7.70013
-1.39347 4.01498
0.437766 -9.2659
-8.95956 -1.30599
6.33571 3.05268
6.58503 -1.641
-8.27143 -4.30403
1.37562 2.63201
-6.11603 1.76163
-10.5992 8.60566
-19.4603 -5.43765
15.1091 -3.92496
1.32475 0.331839
-12.1897 -0.58599
-8.18348 -6.95412
1.09935 -0.127929
-5.81603 -10.3948
-0.344652 -17.9136
4.95889 16.4742
-3.05542 -2.18121
-4.58294 4.2724
-6.34364 0.719864
5.79462 4.6654
4.94841 6.68758
-0.80714 2.63592
1.29723 3.52907
1.97091 -6.98452
-2.12984 6.99051
-5.93379 -1.43333
-4.76604 -10.1909
-8.46297 -7.47584
2.81969 -1.59309
-3.64325 -13.3301
0.349044 -2.50985
-8.99637 -8.47211
-12.433 3.37791
10.5545 -0.525438
-3.96704 8.18074
6.71423 0.841148
-10.0348 2.66983
12.6566 -1.12847
3.21345 0.977599
0.0634387 -3.20774
-2.87865 2.04258
0.916011 -6.45302
-6.95393 4.34385
13.7502 -10.0736
0.123621 0.459054
-14.3522 -4.80865
4.62443 7.65512
12.0005 -1.21335
7.76138 4.01959
2.83352 2.82546
-4.84563 -4.05341
1.58319 1.97463
3.32701 -5.39766
-5.90794 -0.389768
-5.8613 0.403812
-1.84351 -1.43901
-7.43577 1.95687
5.18194 -14.5242
0.835511 -1.62069
-10.0622 -1.47759
-3.60167 -1.34911
-8.5854 0.973489
-7.52627 -5.41865
2.70893 -9.14642
0.0613556 -7.28119
-0.831512 -8.53908
-10.582 5.7462
-10.9493 -4.02027
-5.6594 -0.862775
-6.31205 0.963305
12.85 7.55298
-3.05597 12.6052
-5.41494 -4.48642
-2.14675 -1.22356
-1.92413 -2.87145
4.56151 6.98395
2.75019 -3.98434
0.353771 5.54491
-0.730252 -6.32962
3.79737 -3.58592
4.99975 1.67787
0.311101 -4.91639
11.6221 -0.0969068
4.09946 -5.03753
-9.48088 1.70682
-5.19352 -0.543167
10.029 8.07049
6.13644 -5.42728
-6.58283 -10.5001
-0.801498 5.99342
-6.16863 -1.64492
-7.97734 3.9592
-1.23803 9.0725
-11.6425 4.54605
-6.76973 -5.37023
8.87928 1.27862
-2.42507 3.86426
3.71236 5.2926
9.63652 9.47761
-3.39195 0.760165
1.21125 -0.840571
-6.51466 -20.4517
-2.22499 -10.7835
1.58562 -2.16073
